DATE 	1	7	30	90	180	270	360	720	1080	1440	1800	2160	2520	2880	3240	3600
20220331	6.7325	6.741560857	6.776711405	6.876720343	7.018236478	7.101177286	7.167819252	7.333878975	7.46744219	7.71998144	8.03619254	8.430534737	8.856090733	9.317192798	9.812605887	10.3449004
20220330	6.735	6.76197778	6.807476092	6.909720987	7.05804972	7.134662398	7.201788147	7.352635994	7.486551659	7.713436866	8.00047828	8.381864238	8.794147095	9.250460724	9.741414694	10.26873467
20220329	6.73	6.749777173	6.773425684	6.882523482	7.023032445	7.099393361	7.166193315	7.316428424	7.432990316	7.67531969	7.961552703	8.341010711	8.751208855	9.201297509	9.685004622	10.20427393
20220328	6.7304	6.760943642	6.817428188	6.916747014	7.052285645	7.141966077	7.202548243	7.361393268	7.470266806	7.731230701	8.010775431	8.407156187	8.837372911	9.285331208	9.764268869	10.27793206
20220325	6.737	6.761432301	6.793197905	6.891018415	7.033096865	7.115016833	7.175475047	7.325595015	7.442011743	7.710773491	8.008413776	8.400404213	8.824417913	9.263361265	9.732014661	10.23413745
20220324	6.7345	6.752606093	6.80589934	6.903902748	7.046246846	7.128319983	7.188891236	7.339291889	7.455926283	7.725139892	8.032622359	8.441382318	8.884173105	9.339573614	9.826238507	10.34854267
20220323	6.73	6.758147082	6.800456264	6.898381292	7.040611549	7.122619047	7.183141859	7.333546396	7.433389622	7.711154099	8.008165861	8.415197055	8.856693226	9.310505658	9.795416744	10.31580133
20220322	6.726	6.750392409	6.782106147	6.879766937	7.023511083	7.117489256	7.17140942	7.329513148	7.42943903	7.714956933	8.022749314	8.430935029	8.87314838	9.328189713	9.814526167	10.33651283
20220318	6.7285	6.752901475	6.784627001	6.882324091	7.026121666	7.12013477	7.174033027	7.339992053	7.465091016	7.75248368	8.061771357	8.481965398	8.938057187	9.389815761	9.870662968	10.38632687
20220317	6.7277	6.759590737	6.812504558	6.910800519	7.06350193	7.164596356	7.218576263	7.42575903	7.561395188	7.835083877	8.14741638	8.561978922	9.011299189	9.466626636	9.952339358	10.47331205
20220316	6.7255	6.73455381	6.769739918	6.870027108	7.021308606	7.120628437	7.167908797	7.373446976	7.516405288	7.788652699	8.089791437	8.485808743	8.91440524	9.371303913	9.861203626	10.38716107
20220315	6.721	6.740839346	6.764324534	6.867243194	7.002481579	7.097230818	7.15093529	7.316097378	7.465854681	7.718702869	8.016106409	8.418579328	8.854787498	9.300687428	9.776551743	10.28677761
20220314	6.7225	6.739457534	6.750155245	6.847158898	6.980584237	7.057666531	7.092849864	7.231954328	7.36307983	7.629209762	7.90475506	8.330675073	8.795511143	9.224279138	9.676607537	10.16044598
20220311	6.721	6.741656219	6.762826908	6.860012659	6.99368847	7.072220256	7.113320493	7.245487863	7.376790454	7.643240526	7.956378442	8.376670991	8.832509388	9.278261346	9.752028652	10.25993947
20220310	6.7225	6.746856978	6.778453318	6.868939376	7.00784676	7.066903503	7.114751271	7.231012311	7.370110564	7.636517374	7.930688196	8.358836186	8.824997149	9.270931642	9.743894791	10.25089421
20220309	6.7265	6.744584585	6.797814524	6.895701512	7.035141294	7.092286597	7.127194138	7.267136476	7.415207961	7.71864026	7.998505334	8.454358032	8.953788305	9.421137001	9.916566925	10.44864377
20220308	6.7265	6.749865665	6.784562965	6.891637094	7.03230382	7.10518273	7.152942611	7.28574998	7.458980389	7.782155572	8.10262123	8.580851183	9.103913884	9.606096371	10.14139461	10.71834702
20220307	6.7237	6.750689275	6.796016337	6.89342188	7.02052404	7.099341183	7.140317603	7.320394711	7.511440156	7.83700001	8.15980311	8.641079396	9.167626972	9.682170111	10.23212127	10.82559555
20220304	6.7175	6.745608175	6.787824355	6.874596692	7.00989926	7.093388345	7.128683181	7.331539084	7.514624045	7.848829022	8.191224157	8.685267665	9.225529874	9.748694705	10.30772839	10.91142474
20220303	6.2912	6.317543285	6.357151679	6.443654021	6.59108757	6.670575334	6.708914815	6.908050732	7.111906299	7.420308147	7.76149578	8.239713451	8.762600136	9.261391474	9.793841817	10.36908916
20220302	6.2825	6.299415812	6.349298109	6.441043843	6.588409417	6.670060586	6.720362316	6.920064142	7.124122892	7.441415205	7.775048763	8.253557307	8.777351038	9.285036186	9.828287029	10.41582231
20220301	6.275	6.300217586	6.342779471	6.436904809	6.576807531	6.659515383	6.715851973	6.885780789	7.057689464	7.346846979	7.666700625	8.129350769	8.635265641	9.125087247	9.648490385	10.21371166
20220228	6.2625	6.287596089	6.330053723	6.426708139	6.565489188	6.639673818	6.683921589	6.875118992	7.062387722	7.368549881	7.681103062	8.14862767	8.660906844	9.137722421	9.644556783	10.19092479
20220225	6.26	6.285073632	6.327579712	6.424589786	6.550439722	6.631531395	6.675779615	6.836691261	7.046459017	7.302966641	7.610898361	8.070007349	8.572498392	9.035609749	9.52683624	10.05566824
20220224	6.2523	6.277297004	6.320009692	6.422127004	6.54725235	6.619544092	6.652539217	6.827095171	6.997678212	7.284374329	7.583899819	8.031429271	8.52100249	8.964885406	9.434047408	9.937985386
20220223	6.2487	6.263047023	6.303604462	6.4023477	6.527091755	6.600378662	6.63861833	6.783939796	6.9455156	7.22998872	7.527233802	7.962141104	8.437115412	8.882816404	9.355826615	9.864326652
20220222	6.2425	6.265183953	6.294736411	6.384407406	6.481258191	6.547511308	6.585385427	6.714122405	6.881520514	7.17943282	7.526843334	7.959190608	8.427900037	8.875964893	9.352512164	9.865042531
20220221	6.2375	6.259208738	6.291510665	6.389428749	6.486342224	6.551553214	6.583557918	6.7046691	6.871929625	7.153397849	7.447030437	7.86812902	8.327122004	8.761225991	9.221891301	9.716645307
20220218	6.2375	6.26252977	6.305050956	6.401327929	6.497755754	6.561011539	6.616917829	6.732028479	6.87659807	7.16606021	7.460617334	7.882521055	8.34238806	8.77730729	9.238839506	9.734520292
20220217	6.235	6.253506743	6.275351702	6.367497468	6.489199062	6.541903883	6.573820454	6.717098366	6.869556852	7.126162945	7.418018862	7.818997036	8.254626642	8.679388222	9.131156747	9.616011987
20220216	6.23	6.237907769	6.256649611	6.344869495	6.466361882	6.518665659	6.550470219	6.693240625	6.845157678	7.100852426	7.391671805	7.791227115	8.22530954	8.648562538	9.098726564	9.581858608
20220215	6.23	6.248392304	6.270416856	6.368655596	6.475990393	6.522702827	6.554480592	6.704631665	6.864443773	7.137215486	7.438684751	7.840949821	8.277548119	8.703798241	9.157255011	9.643994473
20220214	6.2315	6.253157112	6.285584257	6.38703147	6.494671908	6.541517733	6.573463826	6.709109891	6.884476951	7.142120496	7.425871152	7.826794081	8.262886202	8.695527434	9.156813004	9.652393396
20220211	6.2362	6.254579484	6.27677531	6.377813322	6.467184425	6.525769434	6.557616426	6.685759162	6.814365065	7.060317101	7.331893157	7.723091816	8.148571275	8.577601429	9.035734693	9.527981539
20220210	6.241	6.267153019	6.306528773	6.39655224	6.498430513	6.551529474	6.583475723	6.727022727	6.864208406	7.128514246	7.403381956	7.812217799	8.258051161	8.690970802	9.151614966	9.646463491
20220209	6.2395	6.248321491	6.27936118	6.369152411	6.477332526	6.530137337	6.561971049	6.705040478	6.84177343	7.105074381	7.404891931	7.824306103	8.280869422	8.719736242	9.186535064	9.688333122
20220208	6.2367	6.26286127	6.302280441	6.392216179	6.495167144	6.554023186	6.58603773	6.714646518	6.86664238	7.164215	7.406857376	7.823389463	8.280395173	8.715438004	9.177507054	9.673920515
20220204	6.234	6.256696874	6.286329221	6.376193214	6.486201502	6.550330066	6.57663934	6.719255025	6.886905697	7.185277068	7.480821109	7.898858927	8.35425614	8.797205384	9.268961993	9.776208502
20220203	6.228	6.252950682	6.295639817	6.397876051	6.527330555	6.587614579	6.625852158	6.785362874	6.969826615	7.321166437	7.659306327	8.097666795	8.574294138	9.046955093	9.552479212	10.0975704
20220202	6.221	6.240193378	6.259985455	6.35002338	6.479942357	6.54696862	6.590703289	6.741851166	6.948416262	7.266168099	7.618099198	8.040837564	8.498293691	8.969197694	9.474690452	10.01996576
20220201	6.225	6.238377548	6.331615883	6.422684075	6.554089661	6.621882878	6.666196605	6.804010305	7.027991503	7.358010544	7.705739923	8.13282815	8.595519032	9.07181395	9.583088526	10.13460211
20220131	6.225	6.253363197	6.306200218	6.401737195	6.532350199	6.598824359	6.636949175	6.788999639	6.996891442	7.341512222	7.715445082	8.13456565	8.586347437	9.049977414	9.546922404	10.08221375
20220128	6.2275	6.257153868	6.306448008	6.387102426	6.516063442	6.568709242	6.600788614	6.729216704	6.943111876	7.302002222	7.665590971	8.081470961	8.530153915	8.986211495	9.474312695	9.99969148
20220127	6.2325	6.262195548	6.311599869	6.395371334	6.500824688	6.530978231	6.57487888	6.687754021	6.893104586	7.208681402	7.540304028	7.939221645	8.36999475	8.80763832	9.275328049	9.777894108
20220126	6.2375	6.260225435	6.289808128	6.356273477	6.458265965	6.509611051	6.535640355	6.654650908	6.828515414	7.099947153	7.408119379	7.799794559	8.223507783	8.659949976	9.127140857	9.629458457
20220125	6.2325	6.247412817	6.285741138	6.36149246	6.469101279	6.515453391	6.547143941	6.659664202	6.802444918	7.113141773	7.414643691	7.806073324	8.230048045	8.659350432	9.117817565	9.610251222
20220124	6.2256	6.244800636	6.264453369	6.325688519	6.446018067	6.493620358	6.537208943	6.664613287	6.845926352	7.175191206	7.505952592	7.902986892	8.331812115	8.767894753	9.234018189	9.734977932
20220121	6.2012	6.223789364	6.253183432	6.31970217	6.439911082	6.485490451	6.517106782	6.629145492	6.794350655	7.096913325	7.388933972	7.755262771	8.150829453	8.570538206	9.020354469	9.503236937
20220120	5.7537	5.774690014	5.802089978	5.872991183	5.984691757	6.027044211	6.056423117	6.160539377	6.314441095	6.542782605	6.826229442	7.161463221	7.52206366	7.905198307	8.315601035	8.755853485
20220119	5.745	5.769158836	5.805617494	5.885055362	5.982039254	6.008868009	6.043685569	6.14774848	6.272871334	6.499119287	6.764836212	7.079222262	7.416825858	7.78563736	8.181101075	8.604712662
20220118	5.745	5.754807289	5.806318508	5.881923941	5.969964086	6.017578292	6.041687237	6.124836164	6.24916296	6.497147991	6.747528418	7.068774835	7.415360952	7.784721661	8.179962713	8.603327371
20220117	5.742	5.762906767	5.790057683	5.841101586	5.932569548	5.96154421	5.980076987	6.022055622	6.107863099	6.327263374	6.569881541	6.891355484	7.238505509	7.60140852	7.98904102	8.404178444
20220114	5.7415	5.762424616	5.789652868	5.846193635	5.93232019	5.966061484	5.978863422	6.033319184	6.141511455	6.362533469	6.606496408	6.929651076	7.278684387	7.640586373	8.026761125	8.440185511
20220113	5.739	5.756738658	5.774994539	5.83711512	5.922975414	5.956659818	5.969441571	6.023915086	6.117719681	6.352478508	6.596564015	6.923413269	7.276758332	7.64892344	8.047115155	8.474072853
20220112	5.738	5.762146511	5.798542966	5.863271164	5.954766295	5.979818417	5.976106894	6.036928539	6.137776782	6.410710525	6.674049308	7.009378925	7.371381631	7.745673313	8.145419972	8.57393094
20220111	5.7365	5.745457857	5.785527557	5.851733944	5.94301052	5.970022177	5.977375747	6.058651226	6.188501827	6.456290893	6.753052086	7.102270174	7.478260393	7.85290789	8.251556538	8.678659066
20220110	5.734	5.754912211	5.782199626	5.849679849	5.934852507	5.959932744	5.956238536	6.030359771	6.138583335	6.37425925	6.634767554	7.011081701	7.420663202	7.767659385	8.129585585	8.515532879
20220107	5.733	5.757108373	5.793431526	5.859418041	5.944770978	5.969893132	5.966193993	6.02708151	6.106825345	6.340685958	6.615652869	6.991878962	7.400335291	7.745891538	8.106213846	8.490393843
20220106	5.733	5.757095621	5.793371676	5.856235415	5.94242935	5.972264999	5.963030582	6.017126828	6.089489019	6.337295871	6.644240358	7.014738242	7.41453521	7.766839445	8.136160989	8.530410308
20220105	5.7319	5.762420866	5.816802781	5.866335521	5.975389499	5.985617971	5.971443893	6.012027858	6.055392011	6.271736265	6.543395842	6.916276042	7.320846855	7.66821808	8.031232216	8.418555291
20220104	5.7298	5.741269985	5.815501624	5.865984093	5.950032539	5.959523202	5.933519686	5.979057941	6.101045672	6.208900163	6.442601462	6.79672755	7.181607214	7.513807256	7.860674597	8.230162827
20220103	5.7277	5.758241134	5.812800663	5.879269434	5.928095475	5.951406412	5.936764694	5.969329117	6.103320024	6.293267873	6.548597372	6.92091164	7.325813018	7.693565971	8.081173654	8.496082438
20211231	5.728	5.748906086	5.776228342	5.848254354	5.934111439	5.965907333	5.967723307	6.028679206	6.136814249	6.364892514	6.648565412	7.001089031	7.381562674	7.757951604	8.158420145	8.58775429
20211230	5.7262	5.753500192	5.798899422	5.866222901	5.943893434	5.961605808	5.980011747	6.034377969	6.128275754	6.363140007	6.654956728	6.999655486	7.370502433	7.738567818	8.129895224	8.548934348
20211229	5.7225	5.749769297	5.795087218	5.858888242	5.929615076	5.940590112	5.953633921	5.987665333	6.107740755	6.327498743	6.601322876	6.9298673	7.283137507	7.641878748	8.023796644	8.432417102
20211228	5.722	5.732606843	5.795237428	5.8542972	5.929148648	5.96876268	5.981505604	6.042916203	6.130030311	6.365118396	6.609762559	6.924538843	7.263894443	7.610957115	7.980163428	8.3745592
20211227	5.7215	5.751980463	5.806379971	5.868325747	5.940108728	5.995866191	6.002711018	6.050862025	6.130660879	6.395415477	6.673878948	7.010083658	7.372080979	7.726215643	8.101558345	8.502630292
20211224	5.7225	5.743376193	5.770627579	5.839468656	5.926893352	5.976050787	6.010582546	6.120961709	6.224341555	6.448346125	6.719891634	7.053946342	7.41393986	7.794585597	8.202223961	8.639599494
20211223	5.7225	5.743365171	5.770575593	5.836301782	5.923752065	5.970913965	5.994751264	6.097525894	6.193330584	6.416088005	6.670430494	7.001346972	7.358790951	7.726100374	8.117900832	8.537539172
20211222	5.721	5.741815466	5.768830637	5.820533143	5.902001038	5.950118641	5.979203211	6.041310917	6.135503454	6.38597026	6.616339462	6.956038326	7.325275455	7.705029748	8.110810288	8.546272579
20211221	5.719	5.732716613	5.768082079	5.832362411	5.918717984	5.961059713	5.989984719	6.065186492	6.17391116	6.425671901	6.736671128	7.060250004	7.405576239	7.794236791	8.213054431	8.663024202
20211220	5.719	5.739924897	5.767297263	5.829344503	5.908787015	5.945459077	5.974330382	6.035270377	6.171464653	6.438682191	6.734583599	7.082843486	7.457765978	7.83116965	8.22845274	8.654056553
20211217	5.7185	5.739449988	5.76693077	5.83815224	5.936661074	5.974863862	5.982058675	6.083556253	6.234940908	6.565326349	6.836784114	7.188223485	7.568711998	7.965947424	8.391445253	8.848665351
20211216	5.718	5.742141448	5.778629507	5.844985874	5.943725954	5.983989638	6.002274888	6.09073494	6.242175766	6.572904409	6.860711678	7.214119293	7.595817042	8.00487793	8.444603134	8.917851776
20211215	5.7165	5.740621829	5.777112271	5.852788498	5.951545221	5.995006779	6.029761827	6.11256955	6.278860457	6.581125155	6.900483726	7.248910077	7.622721343	8.026009214	8.459461995	8.92557578
20211214	5.7175	5.726433813	5.766492416	5.835909413	5.934525403	5.978777349	6.018883066	6.122190674	6.288452418	6.636461807	6.911672874	7.258122574	7.632746776	8.057771988	8.517659899	9.013741243
20211213	5.715	5.7391155	5.775596367	5.851252736	5.949983545	5.994349486	6.034414198	6.165035023	6.375546249	6.697597024	7.054933096	7.438738339	7.851372827	8.299038497	8.782444946	9.304817951
20211210	5.715	5.739122458	5.775632198	5.852462536	5.939768726	5.989861341	6.029899744	6.154021529	6.29243382	6.68547359	6.996467991	7.365884541	7.764983229	8.213340459	8.69907989	9.224268279
20211209	5.715	5.73908002	5.775419365	5.841821308	5.939795576	5.979339828	6.025069656	6.114921646	6.281145155	6.598410642	6.935022669	7.303208282	7.698928274	8.14997412	8.639459103	9.169057823
20211208	5.7157	5.73339186	5.751714788	5.829035498	5.914479496	5.952251656	5.986652803	6.089178107	6.254507511	6.615458361	6.95405208	7.357679731	7.794778488	8.268956616	8.782555583	9.33955104
20211207	5.714	5.727693792	5.762913493	5.820011638	5.91163409	5.950036788	5.989871088	6.092307652	6.257844741	6.604046732	6.941642352	7.344764599	7.781221674	8.240252422	8.735317683	9.271141528
20211206	5.7135	5.731229826	5.7496233	5.818761646	5.915361028	5.946245178	5.975049266	6.063287833	6.228079414	6.572952688	6.909055763	7.301697795	7.725993231	8.201665002	8.71844827	9.279168725
20211203	5.7122	5.729935269	5.748369623	5.819703419	5.895721116	5.946912395	5.964681084	6.079436986	6.230530502	6.590160153	6.943583604	7.356203863	7.802731298	8.270695028	8.775663796	9.322745444
20211202	5.712	5.73288943	5.760185986	5.819393299	5.907690193	5.957216881	5.963894814	6.078289213	6.2720222	6.6191435	6.989315367	7.431502159	7.911528014	8.403000712	8.933304549	9.509140896
20211201	5.71	5.740546003	5.795187837	5.85922245	5.958263014	5.99660734	6.003829596	6.119021715	6.313741453	6.70853554	7.125402541	7.608411257	8.133410579	8.656489178	9.220736372	9.834956221
20211130	5.71	5.719769966	5.771356677	5.840050862	5.928441084	5.981804831	6.010722369	6.112991311	6.32134009	6.739262445	7.158180053	7.65168505	8.18912483	8.728033982	9.310533211	9.945700362
20211129	5.7	5.724052667	5.76037991	5.823056154	5.916222073	5.96414035	5.992950487	6.101649877	6.323710662	6.756782397	7.184948432	7.684567457	8.228770023	8.774690789	9.365165955	10.00949697
20211126	5.2491	5.259543865	5.259883257	5.316752184	5.408875809	5.463927131	5.495283617	5.601353084	5.831047923	6.20883587	6.616050906	7.076386076	7.577134312	8.080365793	8.624921551	9.219348629
20211125	5.2382	5.248623225	5.248968431	5.306720085	5.402725032	5.447192478	5.47861975	5.578300959	5.781347654	6.142357678	6.530736276	6.977134399	7.462568688	7.963627142	8.507268818	9.100919856
20211124	5.2389	5.243564665	5.227665309	5.29727013	5.409110934	5.448105597	5.479725468	5.554832945	5.750482818	6.116758644	6.496546044	6.944503209	7.432358995	7.924932864	8.457899896	9.039336204
20211123	5.2377	5.242264869	5.227138599	5.290812253	5.393828909	5.451034693	5.467518155	5.572770578	5.756307235	6.108787566	6.495175868	6.947624248	7.440261135	7.933663094	8.467133191	9.049116712
20211122	5.2362	5.243732619	5.235835374	5.275539207	5.340496646	5.400074437	5.430852084	5.529119738	5.730556305	6.116431423	6.50404676	6.948477539	7.431730373	7.950468449	8.516343865	9.135795473
20211119	5.24	5.247533544	5.239513941	5.259209475	5.348719409	5.387449638	5.418330112	5.516349887	5.704657241	6.075104759	6.489618954	6.942813829	7.434509961	7.947207184	8.504717279	9.114487859
20211118	5.235	5.242528397	5.234505323	5.250184757	5.332572351	5.36175512	5.397417593	5.501010154	5.701743529	6.086007748	6.486497392	6.979292953	7.518759846	8.047576681	8.620064252	9.246999675
20211117	5.2372	5.244735762	5.236741274	5.255951303	5.328730516	5.368279069	5.403960591	5.507456783	5.734163193	6.134303002	6.552586318	7.050165326	7.59424091	8.142263607	8.738036874	9.391800953
20211116	5.2325	5.240233941	5.243811331	5.272936958	5.366578834	5.395951822	5.431858624	5.548636095	5.776489785	6.192663917	6.614783153	7.091617392	7.611033987	8.165393995	8.771578211	9.437393034
20211112	5.227	5.23453751	5.22685547	5.301394744	5.390283758	5.430388245	5.466372314	5.633983375	5.864535758	6.270996802	6.726984845	7.220611417	7.757807082	8.296884547	8.881953412	9.522911593
20211111	5.2315	5.250659295	5.275777105	5.338572602	5.417522671	5.457953767	5.494215946	5.637710732	5.855702562	6.262604979	6.673868562	7.146024774	7.660526358	8.177043078	8.736456371	9.347782954
20211110	5.231	5.253073597	5.286411808	5.343608235	5.422766989	5.463238392	5.499603987	5.630809729	5.835734706	6.213592853	6.636412785	7.115539212	7.637313273	8.145796705	8.694518402	9.29352864
20211109	5.2275	5.237921628	5.238341751	5.30097641	5.384863369	5.426613125	5.472708528	5.628198153	5.858669551	6.251092032	6.705638911	7.189820274	7.715807266	8.223657759	8.771128859	9.368636077
20211108	5.2275	5.235233195	5.23900002	5.298800227	5.382719431	5.424453711	5.470530792	5.625960866	5.856242409	6.262392371	6.717955467	7.211061196	7.747625749	8.265281511	8.823780644	9.43396361
20211105	5.2325	5.23714046	5.221049889	5.252006129	5.31235373	5.344405406	5.394790448	5.54804706	5.775617139	6.169933673	6.604266512	7.09711609	7.634824899	8.145148031	8.694752902	9.29506342
20211104	5.235	5.242524461	5.234642816	5.280117011	5.335646523	5.373020934	5.42356489	5.596219626	5.825765514	6.202265889	6.653112413	7.150295686	7.691899458	8.223212706	8.798316992	9.4279155
20211103	5.235	5.242526924	5.23468254	5.287211673	5.342734381	5.379371366	5.425109175	5.566697897	5.801755207	6.177402613	6.612027155	7.089501744	7.608778264	8.115639091	8.662813876	9.260281901
20211101	5.2375	5.245042989	5.237226721	5.289691558	5.345816656	5.387534795	5.433341926	5.569056826	5.778416049	6.152883883	6.556745511	7.046038965	7.581187955	8.08717187	8.631629086	9.225970543
20211029	5.2368	5.244540296	5.248202123	5.292267586	5.351934391	5.410737727	5.436380059	5.577999791	5.794287907	6.155938553	6.544669736	7.049028725	7.602960406	8.115252893	8.66554787	9.266575822
20211028	5.2362	5.243743964	5.236005885	5.303369084	5.371309104	5.416665555	5.452655372	5.588600017	5.831055387	6.194862793	6.600399449	7.117174822	7.684842063	8.207271095	8.768594132	9.382185581
20211027	5.2335	5.23554621	5.210843578	5.272657843	5.341607271	5.389645081	5.415382601	5.556285396	5.810029716	6.213691793	6.665658414	7.179681843	7.74138413	8.2606636	8.818681439	9.428417493
20211026	5.229	5.236540394	5.228855415	5.30311518	5.38134332	5.428315346	5.474262792	5.660446686	5.956971902	6.369227485	6.830484005	7.363948988	7.948336406	8.469917948	9.027963707	9.637118441
20211025	5.23	5.239993093	5.241725486	5.326940809	5.41800176	5.470535788	5.516456747	5.7228997	6.008502007	6.437498026	6.888473841	7.391630177	7.94075702	8.473244478	9.048493535	9.677561017
20211022	5.22	5.224546356	5.209415174	5.266514489	5.340974	5.394500985	5.449739904	5.629235031	5.897883427	6.305950869	6.748223666	7.225401614	7.744305512	8.254472866	8.805623015	9.407456146
20211021	5.001	5.008186717	5.000620398	5.03904491	5.124524998	5.162582314	5.196564712	5.391062322	5.66138979	6.026803873	6.420259664	6.889256216	7.402266184	7.884439437	8.402653315	8.967908669
20211020	4.9987	5.005883412	4.998294379	5.031564779	5.1222808	5.160226289	5.194187666	5.38877334	5.634356363	5.971193241	6.417954925	6.850346977	7.316363382	7.821441792	8.373125977	8.977326575
20211019	4.9975	5.007457854	5.007783506	5.054625815	5.145440357	5.185938989	5.234654986	5.413031538	5.659557493	5.998190509	6.404001266	6.8573992	7.350874888	7.821330648	8.327078003	8.878016459
20211018	4.995	5.002189973	4.99466295	5.03293033	5.118220605	5.159321373	5.212871418	5.337293092	5.568742393	5.8896393	6.27467696	6.727208392	7.22085608	7.676179018	8.163464529	8.69349569
20211015	4.9902	4.995820454	5.001217447	5.051545152	5.152721314	5.19361566	5.247540925	5.366967818	5.593253539	5.928737363	6.316731403	6.748570469	7.217591377	7.683490589	8.18632782	8.734202944
20211014	4.9754	4.985323208	4.985644613	5.027887328	5.127534322	5.156481142	5.200390951	5.324215801	5.567607454	5.901987435	6.259753523	6.69429487	7.168561204	7.625474343	8.116804181	8.651611398
20211013	5.0022	5.017745108	5.033948509	5.102678989	5.188623441	5.225628045	5.250816611	5.357503545	5.621614032	5.93294814	6.306071415	6.776238917	7.291310244	7.745843127	8.229721562	8.755542438
20211012	5.0004	5.006659401	5.011125864	5.077127856	5.168724428	5.21285512	5.252197311	5.425215408	5.653389497	6.004903197	6.397349656	6.873418083	7.394637845	7.870016912	8.378911213	8.933350555
20211011	4.9975	5.007495567	5.031583596	5.125706705	5.200797615	5.238159882	5.263199384	5.42438111	5.659191807	6.01139176	6.433188521	6.91721355	7.445783233	7.934435052	8.458862321	9.031020716
20211008	4.9962	5.00900617	5.016974624	4.975068733	5.009294469	5.019097089	5.013865552	5.201470759	5.467704647	5.890771269	6.336286799	6.842502778	7.395697651	7.891179114	8.421588811	9.00073721
20211007	4.995	5.007803095	5.015848187	4.990485136	5.024010724	5.03545797	5.063202572	5.235598993	5.490123852	5.900813895	6.346662891	6.837803066	7.373082525	7.885570524	8.438999944	9.044838159
20211006	4.995	5.005012917	5.005112901	4.967881582	4.992568063	5.048688059	5.08114302	5.242223775	5.477957761	5.874243021	6.303775275	6.791499118	7.323768056	7.832774336	8.382300551	8.983766749
20211005	4.995	5.005021408	5.00509287	4.957025594	4.983229918	5.019907074	5.052429052	5.200800153	5.423068695	5.816481789	6.257124475	6.7505677	7.288708524	7.795368864	8.341411477	8.938900696
20211004	4.9925	5.0045443	5.03540427	4.991177126	4.991524055	5.032004811	5.054722041	5.221005282	5.438055922	5.84590344	6.303538863	6.793051779	7.325370422	7.833850725	8.382615399	8.983083316
20211001	4.9912	5.035544443	5.132604646	5.06346981	5.093974317	5.147567451	5.161441261	5.305760157	5.564804566	5.982437223	6.479627244	6.991610821	7.547625596	8.079117212	8.65333772	9.282406
20210930	4.9825	5.006526887	5.046223388	4.986510101	5.010286739	5.054337531	5.077307391	5.220072429	5.461941473	5.898473768	6.374577445	6.869237265	7.406569277	7.930884982	8.498658152	9.120933999
20210929	4.9825	5.000792724	5.024171346	4.940706735	4.964831974	5.008493066	5.031383846	5.148979937	5.400369163	5.819222245	6.317655287	6.801387788	7.32436002	7.832179363	8.381207259	8.982112658
20210928	4.9875	5.002999426	5.018634615	4.975048448	5.017971691	5.055004597	5.087990755	5.231357357	5.490947581	5.927671861	6.396873791	6.907588446	7.464887472	7.972565451	8.517654322	9.113709905
20210927	4.9855	4.995933706	5.017226046	4.972076674	5.04410655	5.062850358	5.105821506	5.214364608	5.466922631	5.902239256	6.377088221	6.886821175	7.442549098	7.94853983	8.491751535	9.085701324
20210924	4.9806	4.99608513	5.011835713	4.992275583	5.024494818	5.058401483	5.072848661	5.20325938	5.455771206	5.890527224	6.350255461	6.881373997	7.463524284	7.972877736	8.517487382	9.113001124
20210923	4.9857	5.001200986	5.016811387	4.965253433	5.014136936	5.050801965	5.05544013	5.161384926	5.43753179	5.872004995	6.330667306	6.844605895	7.406285474	7.909949003	8.449698272	9.039704483
20210922	4.9825	4.997962851	5.013697563	5.006448882	5.049501847	5.087074331	5.120694178	5.217500616	5.50726835	5.918646351	6.393215877	6.93584251	7.530807313	8.039458462	8.581760448	9.174461122
20210921	4.9862	5.004470627	5.028031343	5.000964989	5.046355274	5.087983688	5.09259363	5.175938421	5.464719032	5.914239806	6.390217575	6.908735862	7.47484727	7.996868944	8.558862137	9.17447469
20210920	4.985	4.992901995	5.028451841	5.077333043	5.155400228	5.213835782	5.248198367	5.384388569	5.710873054	6.133634313	6.628853581	7.163978294	7.749065494	8.273004402	8.834882634	9.449670188
20210917	4.9825	4.997961426	5.013949983	5.063303133	5.151597896	5.208156321	5.23360827	5.369050547	5.657063704	6.096094963	6.582268972	7.113628364	7.694890304	8.214837767	8.772294568	9.382141261
20210915	4.9875	5.002976942	5.019084864	5.091000879	5.189890984	5.248825383	5.283586476	5.421356516	5.705006838	6.113333936	6.570838409	7.092397539	7.663784477	8.167718598	8.706316909	9.294376019
20210914	4.985	4.995058532	5.018272904	5.095145496	5.207151635	5.286003992	5.349339926	5.525633767	5.799729823	6.212452433	6.675914993	7.180241134	7.730990803	8.232175732	8.769386882	9.355695252
20210913	4.9825	4.99988328	5.026015827	5.109455176	5.242898053	5.328025451	5.425041248	5.628405397	5.899686787	6.297496211	6.765835399	7.252147375	7.781185545	8.264562034	8.781756844	9.344762655
20210910	4.965	4.979626591	4.997758428	5.087345741	5.220057809	5.303069006	5.390153314	5.592143734	5.855521639	6.270680757	6.730409878	7.205678332	7.722290128	8.211051011	8.736406413	9.309068021
20210909	4.7515	4.768022244	4.793231615	4.878934632	5.004179907	5.070326096	5.158375148	5.357611475	5.59822483	5.976046904	6.393219487	6.86734954	7.386073341	7.85193902	8.349833886	8.89222158
20210908	4.749	4.767944043	4.801281175	4.893320889	5.001170992	5.084169379	5.15851132	5.357357744	5.621936394	6.020593557	6.482818024	6.94138736	7.438682975	7.919244815	8.437507113	9.003306181
20210907	4.7487	4.760959451	4.801654413	4.891836869	4.999694821	5.081833825	5.151562466	5.355722847	5.632461141	6.006147722	6.452617227	6.916448879	7.420972902	7.894513117	8.403334287	8.958251342
20210906	4.7475	4.763923416	4.789286032	4.879576774	4.987164409	5.069097554	5.138681298	5.336585593	5.618220847	6.016857202	6.450610344	6.913344027	7.41757475	7.887886536	8.392757657	8.943148315
20210903	4.7465	4.757897689	4.767579348	4.857387656	4.964498435	5.049380523	5.136766481	5.334606602	5.639481155	6.03921793	6.473934449	6.922538975	7.410058408	7.888760636	8.405875316	8.970526925
20210902	4.7475	4.761296465	4.779114715	4.878472988	4.994615872	5.071148782	5.163377133	5.385037224	5.697962383	6.1010212	6.553588847	7.008061822	7.50140509	7.993406087	8.526260497	9.108878144
20210901	4.7475	4.751442054	4.739208949	4.84364824	4.958840625	5.03234368	5.110477209	5.313003521	5.598846949	5.982852432	6.413535055	6.858250526	7.341428064	7.821724215	8.341489757	8.909478097
20210831	4.7445	4.750745071	4.745441578	4.849827954	4.965167306	5.039591029	5.122366869	5.319747883	5.605993104	5.977823397	6.39412151	6.837095144	7.319092859	7.791364862	8.30129619	8.857931553
20210830	4.744	4.747767081	4.734750062	4.839118502	4.95420316	5.030939773	5.12704299	5.324702764	5.616740348	5.989064	6.405838535	6.864778012	7.365807183	7.84298514	8.356970945	8.918197428
20210827	4.745	4.756355471	4.766202293	4.860143728	4.97293368	5.059261217	5.128735533	5.30375604	5.548365301	5.891490358	6.288642429	6.739943845	7.232768398	7.699289669	8.201079272	8.748468338
20210826	4.745	4.753788269	4.756124905	4.856498342	4.967034088	5.038254673	5.103272671	5.254981358	5.462453319	5.788090358	6.16541306	6.615908137	7.108876252	7.560495996	8.044040966	8.570690163
20210825	4.745	4.751687523	4.756631384	4.851566565	4.962118015	5.033271265	5.098166663	5.260958962	5.480465968	5.807096718	6.185359063	6.637031885	7.131404242	7.584792025	8.070350385	8.59927688
20210824	4.7425	4.753787049	4.763896502	4.86390888	4.973947632	5.038041664	5.08959488	5.234911602	5.447947442	5.760339132	6.149387176	6.592101939	7.074934162	7.517076897	7.989980105	8.504429401
20210823	4.745	4.753828528	4.755896028	4.851346664	4.966935478	5.03394218	5.076401993	5.221016561	5.46875849	5.795117284	6.199648326	6.660861758	7.164857965	7.614978561	8.095448352	8.618440701
20210820	4.7445	4.758385132	4.775731447	4.864833626	4.98089468	5.04975085	5.10131916	5.257982588	5.530621566	5.898719835	6.310527705	6.771148433	7.274188106	7.756861818	8.277612059	8.846857058
20210819	4.7485	4.762348155	4.779939884	4.87421173	4.989029547	5.053518176	5.132273321	5.313090986	5.587529465	5.984168322	6.415739945	6.891494703	7.411408885	7.905044965	8.437385865	9.019668342
20210818	4.7471	4.757988358	4.789399354	4.875140032	5.000281164	5.064730844	5.143711553	5.313442615	5.600103446	5.985149258	6.395749667	6.850156002	7.345968907	7.845891072	8.388688892	8.983271904
20210817	4.7436	4.760163683	4.784708073	4.858791554	4.978749217	5.042176737	5.116347611	5.279556606	5.546976214	5.915926449	6.31509378	6.76780478	7.262294055	7.74989301	8.277679647	8.855103745
20210816	4.7425	4.756552043	4.773282501	4.847405783	4.967082345	5.028704659	5.093694195	5.25032697	5.522712568	5.864886916	6.266949602	6.735930658	7.249471299	7.718677965	8.22165613	8.770406156
20210813	4.7455	4.762024457	4.786816195	4.866012186	4.986025764	5.047879951	5.113087488	5.276124983	5.531891779	5.874417354	6.284296984	6.735955593	7.228293732	7.706805512	8.223549892	8.788239661
20210812	4.7502	4.76677087	4.791430611	4.867345514	4.988147289	5.055597616	5.125388306	5.283260189	5.533256437	5.875792882	6.285759491	6.760442569	7.280144581	7.770622453	8.299317181	8.877715304
20210811	4.749	4.759946936	4.790885586	4.865252261	4.989739451	5.049323035	5.12824118	5.280521034	5.553890013	5.936069957	6.364400593	6.836872568	7.352955963	7.848383306	8.383476773	8.969117967
20210810	4.751	4.767589522	4.792172202	4.86607996	4.981173018	5.043879546	5.113722863	5.248240425	5.532479861	5.913890577	6.32702185	6.80401278	7.326442317	7.820333553	8.352907251	8.935685972
20210809	4.75	4.76894103	4.80199902	4.890570217	4.995774143	5.0555109	5.107255788	5.264316767	5.501835516	5.887319773	6.32026914	6.78271416	7.286390991	7.782053976	8.318823794	8.906538072
20210806	4.7502	4.766639513	4.791716517	4.877769005	4.982757529	5.044835182	5.110055928	5.267448701	5.504796853	5.890290609	6.302556171	6.762765278	7.265243334	7.753276911	8.280743342	8.857759078
20210805	4.7545	4.773459622	4.806544727	4.895097428	5.000400816	5.061862443	5.122788972	5.274838859	5.506932832	5.860861079	6.27074017	6.721704536	7.213119071	7.696402509	8.219156169	8.790785788
20210804	4.7544	4.761956243	4.807094192	4.893082297	4.998400422	5.059838521	5.120741746	5.272642675	5.516483971	5.883840412	6.295347044	6.747733458	7.240813435	7.732551809	8.265612004	8.849131182
20210803	4.755	4.77908737	4.82775805	4.910307084	5.006936678	5.078848233	5.139800114	5.303584287	5.560992291	5.892628499	6.303654437	6.756993522	7.251046908	7.730760405	8.248678458	8.814561725
20210802	4.7587	4.777675722	4.81079426	4.898491055	4.9948798	5.066616066	5.127331349	5.308145976	5.523432098	5.890720136	6.289089686	6.732949343	7.216765574	7.706143316	8.23725353	8.8185499
20210730	4.7575	4.771596488	4.788379863	4.861171034	4.956787627	5.03046598	5.104381684	5.273341525	5.469395456	5.826779915	6.227899968	6.671848542	7.155602252	7.625196516	8.131895267	8.685153589
20210729	4.755	4.769089081	4.785863636	4.858616556	4.955199184	5.036152911	5.096464557	5.259661284	5.402003476	5.754947492	6.172669021	6.614229575	7.093927362	7.564986579	8.074048068	8.630205028
20210728	4.7528	4.757462818	4.753135229	4.82136066	4.918218378	5.008284945	5.068100344	5.235667255	5.424447505	5.772193004	6.23063394	6.703776522	7.218513157	7.71080093	8.24251907	8.82473724
20210727	4.7532	4.75980568	4.753295385	4.826199511	4.92264299	5.008751048	5.073364613	5.196172433	5.377696561	5.729641574	6.158698187	6.610834235	7.102453919	7.584646975	8.106399267	8.677338841
20210726	4.7525	4.759104707	4.752595371	4.82548876	4.921918037	5.008013413	5.072499324	5.217758528	5.40575453	5.777881552	6.23760342	6.695926787	7.193008241	7.675750887	8.197447063	8.768093453
20210723	4.5315	4.537770398	4.53166106	4.603515664	4.695506233	4.773705816	4.813683462	4.967286481	5.135379887	5.477158991	5.887365138	6.290723365	6.726555524	7.17478913	7.661416846	8.193331815
20210722	4.52	4.527961073	4.549250076	4.609698972	4.702230637	4.77495415	4.815275386	4.90960561	5.087483814	5.379704937	5.757128891	6.15883878	6.594503343	7.027376529	7.495141332	8.005512674
20210721	4.5147	4.526137616	4.53342122	4.591840569	4.682742086	4.744639279	4.776267835	4.864415081	5.001665206	5.312802878	5.674314477	6.063072912	6.484531227	6.920469707	7.393730271	7.910748263
20210720	4.5125	4.51896823	4.512217178	4.572173993	4.660146885	4.703771248	4.73545371	4.817251035	4.959045386	5.232478168	5.588084636	5.97864938	6.402471525	6.821590282	7.27395914	7.767115771
20210719	4.5115	4.517959271	4.511159432	4.56463052	4.65436715	4.710656599	4.737816709	4.830595342	4.939429589	5.223140593	5.566031471	5.954617125	6.3769937	6.794423154	7.244913686	7.735983039
20210716	4.5133	4.522236765	4.522428702	4.575367931	4.665315655	4.721737523	4.749186032	4.799302445	4.940459243	5.213317979	5.542637676	5.936302402	6.365443272	6.788150122	7.244458622	7.742222242
20210715	4.5125	4.517576525	4.522251143	4.577570146	4.668193071	4.729897983	4.761625798	4.811964384	4.975566218	5.262006858	5.645071647	6.040218582	6.467702693	6.879873375	7.323151813	7.805687202
20210714	4.514	4.522957754	4.523260924	4.588148544	4.677384644	4.730574523	4.762272002	4.83363321	5.020341776	5.3093821	5.682392838	6.079240009	6.509431243	6.924583305	7.371175802	7.857400775
20210713	4.5125	4.518781419	4.512630321	4.581813365	4.670920371	4.724033773	4.755517812	4.858647467	5.068236387	5.39550319	5.774267977	6.169252402	6.597156354	7.015355612	7.465808219	7.956295795
20210712	4.5135	4.519789344	4.513481363	4.580402956	4.670555025	4.734516188	4.774419268	4.910327455	5.14345679	5.486483257	5.857585558	6.256810532	6.69053376	7.107391701	7.555453753	8.043011878
20210709	4.5142	4.528132817	4.542497365	4.605028699	4.702415538	4.775050382	4.815083804	4.968269794	5.198228572	5.556712433	5.919720367	6.315251402	6.745097348	7.159016885	7.603648549	8.087017946
20210708	4.515	4.524579503	4.605235799	4.685760216	4.778401138	4.850138715	4.899627652	5.044848977	5.261529259	5.575642367	5.926054818	6.318720551	6.745544619	7.173026722	7.634580929	8.137246558
20210707	4.5125	4.53306047	4.571362006	4.641449297	4.752514703	4.822964813	4.898119845	5.04930469	5.265375184	5.579224533	5.916542272	6.282669324	6.679286775	7.115678323	7.591623217	8.111184305
20210706	4.513	4.533484325	4.572278043	4.652090415	4.763176676	4.830600106	4.888575333	5.039063144	5.266333269	5.592764528	5.91799096	6.319411582	6.758483917	7.191388875	7.658465766	8.167559855
20210705	4.514	4.536830209	4.583285822	4.667684055	4.77356735	4.841477146	4.92553387	5.099428486	5.328734518	5.64611155	5.973884935	6.393416075	6.853795609	7.306902486	7.796659148	8.331707637
20210702	4.514	4.532954064	4.561535096	4.627677006	4.743420838	4.810731442	4.894190402	5.077829984	5.300264247	5.633824098	5.987460252	6.415933277	6.885399631	7.341689459	7.834481678	8.373055058
20210701	4.5055	4.516264511	4.543916478	4.609802919	4.725099698	4.79215032	4.875230503	5.068897594	5.296466495	5.635701863	5.989443537	6.417807965	6.887262183	7.343977737	7.837344719	8.376634987
20210630	4.4922	4.512657838	4.550850206	4.622153643	4.738157851	4.812016985	4.882398491	5.070840606	5.287241058	5.638136272	5.992536339	6.421153451	6.890838447	7.341588376	7.827474529	8.358054477
20210629	4.5215	4.54924689	4.610973802	4.696304157	4.816763295	4.880474261	4.964939201	5.189352725	5.450654938	5.811655353	6.182782109	6.631866275	7.12472958	7.589872017	8.090601236	8.6375488
20210628	4.5215	4.546853564	4.600575261	4.678590817	4.800064573	4.875040555	4.972197576	5.207854077	5.463902078	5.788267262	6.150222389	6.604398244	7.103899082	7.55934361	8.047402127	8.579774104
20210625	4.5227	4.555336332	4.631912332	4.712859349	4.844889471	4.921182856	5.023363336	5.277890237	5.519310135	5.852552192	6.232076819	6.685150879	7.182158128	7.648806884	8.150837123	8.699111472
20210624	4.5245	4.534619651	4.625184564	4.719923023	4.837181073	4.914427303	5.020925889	5.286547004	5.528369236	5.868446097	6.222311897	6.673490411	7.16995404	7.632577934	8.129664102	8.672219701
20210623	4.5225	4.547698909	4.602110902	4.694967378	4.801944355	4.879614029	4.990015056	5.21572953	5.460415776	5.803078205	6.153294997	6.599652246	7.090658428	7.547539604	8.038281622	8.573782235
20210622	4.524	4.545530796	4.581346645	4.64791012	4.770413541	4.849455764	4.946169229	5.164200538	5.429557717	5.788937952	6.165137642	6.598317339	7.072089469	7.532800306	8.030205477	8.573557284
20210621	4.525	4.5464929	4.582152001	4.638930878	4.756252981	4.835160112	4.931663183	5.143623624	5.413856928	5.76625127	6.140833152	6.572394567	7.044343737	7.512203562	8.018789727	8.572895699
20210618	4.5235	4.550049816	4.600047566	4.662611582	4.806034327	4.888212857	4.976594729	5.211848908	5.501820245	5.877818335	6.259602026	6.676649748	7.131022179	7.622396816	8.159957372	8.749811663
20210617	4.524	4.540373456	4.601194093	4.665226957	4.808728121	4.890951701	4.979383075	5.214768036	5.504901786	5.881111395	6.263107995	6.680389304	7.135016226	7.626666079	8.164527721	8.754712385
20210616	4.5245	4.549827931	4.603636481	4.6847104	4.81725653	4.902205163	5.003965354	5.229644699	5.520495592	5.897804708	6.28086248	6.714179695	7.187752112	7.696917756	8.254580083	8.86766589
20210615	4.5265	4.539791947	4.555936174	4.635069032	4.771040286	4.855064509	4.955753333	5.179354718	5.444387638	5.816228363	6.207434797	6.643738696	7.120492288	7.61938685	8.164169188	8.762611228
20210614	4.5265	4.542139189	4.566047356	4.650973705	4.78247707	4.869190383	4.983223233	5.202757644	5.468910337	5.842499024	6.222211273	6.651631759	7.120892353	7.612864721	8.149696519	8.738789952
20210611	4.529	4.539587396	4.549401262	4.655242475	4.770972666	4.876840522	4.947682404	5.105639841	5.373931625	5.693561998	6.089223416	6.504234916	6.95506793	7.421457775	7.92867084	8.483845964
20210610	4.529	4.539242168	4.569425984	4.667147083	4.783364383	4.88950935	4.96053831	5.118908332	5.387898518	5.708360662	6.105049649	6.521140836	6.973146621	7.440747032	7.949279396	8.505896767
20210609	4.5292	4.544910648	4.568386925	4.645112543	4.782076644	4.870006425	4.966882299	5.136647535	5.411844461	5.7457299	6.151547643	6.581777691	7.050051717	7.524381251	8.039447546	8.603440555
20210608	4.53	4.541469146	4.548791773	4.614616521	4.726379807	4.800936043	4.875637906	5.031023321	5.313599984	5.697080426	6.114372458	6.571436551	7.071016264	7.557891152	8.085347885	8.663720944
20210607	4.52	4.528660698	4.529640351	4.596157488	4.693867017	4.777889415	4.856316432	5.021880505	5.303352033	5.703726399	6.141253421	6.604289667	7.109875605	7.603531668	8.138844012	8.726354
20210604	4.2863	4.299492367	4.313034079	4.372957443	4.471367537	4.55555862	4.63017493	4.798075282	5.087895209	5.494495653	5.940755994	6.395921953	6.892605164	7.384836158	7.920496889	8.509873136
20210603	4.2827	4.288468211	4.311076895	4.375593729	4.477015549	4.548240722	4.598483523	4.770056705	5.059335816	5.476124107	5.934334122	6.389622086	6.885570249	7.376778139	7.911210422	8.499130335
20210602	4.285	4.295828848	4.302657535	4.354622974	4.429787293	4.475875109	4.529677232	4.709257524	4.974655148	5.391445244	5.831387832	6.282268851	6.774154583	7.265536967	7.800933791	8.390390068
20210601	4.285	4.286644954	4.266512825	4.320692435	4.397095965	4.458057847	4.499391668	4.672543419	4.924999817	5.3432641	5.767054897	6.222821025	6.721841385	7.207518899	7.735263379	8.316084909
20210531	4.2856	4.298784202	4.312251078	4.36052404	4.445699184	4.497487637	4.535274016	4.699440732	4.980763783	5.38134181	5.78272864	6.225219357	6.709562223	7.18096925	7.692228638	8.25364408
20210528	4.2855	4.290209751	4.30387517	4.342232218	4.421907976	4.463452201	4.493019718	4.640688714	4.882729301	5.242768153	5.622393594	6.046914884	6.510986173	6.966288815	7.459975232	8.001504903
20210527	4.285	4.300555343	4.32066753	4.355329971	4.442157233	4.505123878	4.534673812	4.699021382	4.932668836	5.301361399	5.685077666	6.107123821	6.56798118	7.032820976	7.538580865	8.093943773
20210526	4.2875	4.312702944	4.360096989	4.397315017	4.481893535	4.52544619	4.563509452	4.72930879	4.938110415	5.278808101	5.673655591	6.089451519	6.541736358	6.991818951	7.479945703	8.014692298
20210525	4.2859	4.303896284	4.330944469	4.374067009	4.453440187	4.493642222	4.540109694	4.684864273	4.870460323	5.206928763	5.59717982	6.021580294	6.484379865	6.936964891	7.42729598	7.964825798
20210524	4.285	4.302939259	4.329769962	4.358695824	4.434328038	4.478888017	4.524713887	4.684234943	4.874972029	5.222842444	5.614091831	6.032436603	6.488128957	6.94640324	7.444615893	7.991360041
20210521	4.282	4.293538843	4.327393807	4.34682642	4.422326051	4.467424136	4.517218525	4.671255416	4.882967248	5.243212273	5.635975967	6.062521396	6.527895022	6.995384966	7.504008834	8.062746504
20210520	4.2827	4.300646729	4.327177663	4.288700326	4.373619203	4.398722256	4.439956571	4.601493285	4.805934762	5.161857011	5.549602895	5.970385189	6.429092433	6.888575489	7.388083906	7.936468857
20210519	4.285	4.287748244	4.264243007	4.227844691	4.298469221	4.31343859	4.341782306	4.474585355	4.679696976	5.016532517	5.406243887	5.830945357	6.294187229	6.738872626	7.219882837	7.747310355
20210518	4.2815	4.289973353	4.29013566	4.336754425	4.403684356	4.458193562	4.511630121	4.700964863	4.923630576	5.29659791	5.704499298	6.163169324	6.666260093	7.147508904	7.669270316	8.243114044
20210517	4.2822	4.290659769	4.290738728	4.329948496	4.423759057	4.481060127	4.550759572	4.761707289	5.017908462	5.419134276	5.859959512	6.344264674	6.876285371	7.387870669	7.944278806	8.558127147
20210514	4.281	4.287297069	4.290122346	4.338430191	4.433664049	4.502524485	4.588364235	4.8210308	5.095009462	5.512282869	5.946760965	6.443595294	6.991398495	7.531707944	8.122452823	8.776388204
20210513	4.2825	4.286286444	4.27317826	4.319236956	4.42326211	4.485880448	4.53940912	4.739146805	5.031284798	5.456625037	5.875081943	6.358784247	6.89185227	7.422999054	8.004003189	8.646816352
20210512	4.2825	4.290960361	4.291039326	4.330376338	4.426960032	4.468184221	4.522385392	4.706820368	4.955733739	5.376329932	5.827604587	6.310028178	6.839051044	7.365027329	7.939982418	8.575756729
20210511	4.283	4.291477591	4.291603573	4.331299002	4.414148691	4.452440065	4.490289785	4.627874227	4.863938464	5.256674165	5.724676484	6.194411183	6.706677457	7.214508954	7.768601689	8.380189433
20210510	4.284	4.283285104	4.229612322	4.259422237	4.33074579	4.354787744	4.383756737	4.503070094	4.713046725	5.106611757	5.563488088	6.020969972	6.519437156	7.00642927	7.536393884	8.120487664
20210507	4.285	4.291120565	4.284433588	4.292693858	4.343082185	4.372830578	4.410077638	4.514720854	4.762619877	5.160906576	5.634662653	6.105134059	6.617828002	7.112755218	7.650826311	8.243949509
20210506	4.285	4.300539916	4.320455793	4.320081599	4.370328592	4.393313352	4.414355749	4.498620713	4.715242435	5.088904131	5.54618908	6.003989146	6.502159764	6.986708739	7.513378774	8.093323807
20210505	4.2815	4.294699929	4.308060189	4.318317512	4.372161102	4.390861694	4.411898302	4.490916286	4.718166066	5.058205862	5.524798098	5.968306402	6.448634898	6.91635719	7.423916094	7.981686058
20210504	4.2824	4.293213956	4.299802257	4.304478626	4.344792242	4.364204766	4.389232955	4.457958162	4.657478495	4.993676074	5.443536447	5.874092169	6.3400779	6.798888271	7.297061415	7.844230516
20210503	4.2815	4.288171667	4.317551675	4.315789322	4.342080594	4.358695796	4.391765329	4.475845381	4.644499226	4.991213516	5.417538226	5.845537054	6.309958434	6.766322194	7.261593655	7.805386004
20210430	4.2745	4.2923953	4.319005663	4.312313469	4.334075416	4.349964415	4.378903478	4.447401141	4.60465542	4.960505484	5.385430627	5.804585534	6.258550719	6.71026855	7.200909435	7.739427667
20210429	4.2885	4.301718127	4.315039844	4.313111085	4.339214407	4.351926483	4.36487198	4.447431798	4.63142277	4.966683572	5.385175409	5.797426924	6.243553517	6.693626964	7.183036573	7.720138141
20210428	4.289	4.297499708	4.297415716	4.284237677	4.316724863	4.315407428	4.344176167	4.386295608	4.568400949	4.87795611	5.296193646	5.696420282	6.128128256	6.557725269	7.02335599	7.533165504
20210427	4.2892	4.297685062	4.297517046	4.27522807	4.309065046	4.314784783	4.335350769	4.377328245	4.54843701	4.879132982	5.273802218	5.684541439	6.13035528	6.561258459	7.027080805	7.537139468
20210426	4.29	4.293732845	4.280968075	4.265407152	4.296983772	4.319478859	4.34017903	4.372430793	4.55349395	4.895465067	5.291056191	5.702543931	6.1493439	6.570823742	7.024856298	7.521283403
20210423	4.2897	4.293499926	4.280195973	4.283357878	4.319381911	4.343429722	4.372630429	4.402342533	4.598264515	4.931765399	5.317131352	5.729826595	6.178763656	6.602605465	7.059290892	7.558709522
20210422	4.2872	4.290944337	4.277947528	4.278709698	4.352607376	4.387733423	4.40890409	4.483396576	4.688407019	5.042844683	5.465389736	5.885409163	6.340961719	6.774296471	7.241853611	7.753522643
20210421	4.2875	4.287319527	4.259163386	4.281411446	4.336560178	4.367758284	4.388835956	4.467994365	4.677483758	5.031157776	5.410150532	5.814252273	6.25388615	6.677553413	7.134950786	7.635128148
20210420	4.285	4.291057734	4.312142037	4.327897073	4.37912667	4.409777538	4.427205864	4.491452096	4.697465247	5.036626562	5.416549828	5.821976186	6.262751684	6.691951099	7.15592114	7.663493998
20210419	4.2837	4.292160065	4.292002311	4.279247745	4.307800079	4.33887497	4.359490662	4.44247122	4.636080084	4.993607093	5.371098418	5.779745295	6.224631318	6.657125909	7.124921963	7.637114611
20210416	4.2837	4.286085782	4.263691432	4.254100134	4.278057035	4.308999719	4.329424456	4.421829262	4.614752655	4.925538581	5.345071606	5.76083828	6.211299955	6.660030982	7.147596091	7.68288461
20210415	4.284	4.28404438	4.255197223	4.258086394	4.304096638	4.334950504	4.355530307	4.458688329	4.652615779	4.987740063	5.405921532	5.835369274	6.302338314	6.758982046	7.254527553	7.798865094
20210414	4.286	4.289797716	4.276564379	4.290760045	4.318925841	4.350141767	4.370807949	4.46427029	4.648131328	4.994762812	5.396227203	5.827921793	6.298554821	6.754934429	7.249687776	7.793009082
20210413	4.2852	4.298078957	4.339852283	4.350857547	4.370354914	4.402039901	4.422853633	4.527460918	4.724484929	5.09943533	5.521542975	5.96979699	6.458686176	6.933249505	7.44832886	8.014688759
20210412	4.285	4.315101329	4.376259922	4.387387419	4.400241935	4.439593729	4.460563061	4.565996641	4.770064792	5.148443515	5.599379562	6.051199334	6.542295197	7.025699812	7.551321161	8.129620124
20210409	4.283	4.310560867	4.364485775	4.361648073	4.370519855	4.38784361	4.400821262	4.488850984	4.706341383	5.081042327	5.514584496	5.949365999	6.421345375	6.891601265	7.403076355	7.96527873
20210408	4.281	4.306164736	4.35330818	4.347728935	4.352453685	4.375604462	4.396276336	4.474310262	4.691131114	5.07633731	5.509827871	5.94414513	6.415621926	6.885409997	7.396377282	7.958021755
20210407	4.281	4.303767006	4.344233492	4.360300236	4.352473771	4.383554309	4.400528537	4.483491765	4.711168999	5.091598044	5.55038234	5.981573145	6.447713918	6.913793184	7.420647825	7.977451447
20210406	4.281	4.288928015	4.335420131	4.329338867	4.323720272	4.33659063	4.349275462	4.405766658	4.604420839	4.978641496	5.405623883	5.812645688	6.252041992	6.701839375	7.191520046	7.728846116
20210405	4.2825	4.300463929	4.327286997	4.332886603	4.33026658	4.363840919	4.37245049	4.464898831	4.681188793	5.047983659	5.490845337	5.910587227	6.364172209	6.823417623	7.323255242	7.872162352
20210331	4.281	4.320898551	4.409720891	4.406680445	4.417284785	4.449342021	4.470277727	4.575679378	4.796615958	5.200760048	5.643896835	6.087900459	6.570203219	7.040173334	7.549764077	8.109192072
