DATE	1	7	30	90	180	270	360	720	1080	1440	1800	2160	2520	2880	3240	3600	5400	7200	9000	10800
20220331	0.07845614	0.077492427	0.076503806	0.078366827	0.079272496	0.079809721	0.08002044	0.080490651	0.084103215	0.087325712	0.090615978	0.093412156	0.096439853	0.100647894	0.105014148	0.109612843	0.137742515	0.176152134	0.227009814	0.295073551
20220330	0.076631578	0.077492427	0.076503806	0.078187087	0.079453483	0.079809721	0.080202719	0.08029056	0.083713785	0.088186905	0.090614794	0.092171376	0.095312492	0.100187578	0.105428712	0.110978282	0.136604647	0.177207657	0.219938994	0.296905052
20220329	0.076631578	0.077492427	0.076855548	0.078366827	0.078910521	0.079626671	0.080202719	0.080286688	0.084331901	0.08928583	0.091589394	0.092623983	0.095166258	0.100880781	0.106925316	0.111948562	0.135568007	0.173510489	0.212341816	0.281220101
20220328	0.077536561	0.077492427	0.076855548	0.078366827	0.078910521	0.079626671	0.080202719	0.079569234	0.082916117	0.086728144	0.088963938	0.090822303	0.092977997	0.098590155	0.104458997	0.108397503	0.132155805	0.16503801	0.209081711	0.26565247
20220325	0.076631578	0.077492427	0.076855548	0.078906049	0.079815458	0.080882632	0.081118086	0.080755689	0.085046183	0.089598183	0.092306295	0.09394066	0.096065285	0.101651493	0.107480456	0.111543656	0.13562212	0.167813659	0.203648775	0.271986658
20220324	0.076631578	0.077424126	0.076855548	0.079085788	0.079996446	0.081211682	0.081488641	0.081183008	0.085403179	0.08945711	0.09295608	0.094140624	0.09748568	0.102700111	0.107846387	0.112266855	0.135722928	0.170450127	0.211624909	0.257880013
20220323	0.076631578	0.077135151	0.076855548	0.079085788	0.080358421	0.081236119	0.081478434	0.080575985	0.084835709	0.088400539	0.092090741	0.09336993	0.098153851	0.103345709	0.108290327	0.112911958	0.139014855	0.174646473	0.220406073	0.266755768
20220322	0.076631578	0.07678312	0.075624453	0.078726308	0.080177433	0.081227845	0.081114076	0.080581234	0.084827324	0.088936035	0.092348313	0.093867847	0.099439484	0.104992742	0.110140484	0.114885346	0.143217405	0.181263295	0.229163983	0.28565007
20220318	0.076631578	0.075790099	0.075624453	0.078726308	0.080339798	0.08119907	0.081113931	0.080529473	0.085108182	0.089736218	0.093897248	0.095282853	0.101738319	0.106772287	0.11108949	0.116281344	0.143993473	0.184547042	0.225458087	0.310441197
20220317	0.076631578	0.075690278	0.075624453	0.078906049	0.080509329	0.081216917	0.081114095	0.081113491	0.085423971	0.090453549	0.093834378	0.095756291	0.10259211	0.107753219	0.112120228	0.117592546	0.143541812	0.182804092	0.227211842	0.304100164
20220316	0.076631578	0.075690278	0.075624453	0.078726308	0.080539408	0.081241756	0.080749957	0.08167911	0.086231685	0.091299356	0.095402696	0.09655505	0.103057161	0.108756122	0.113609357	0.119147271	0.145670799	0.185466462	0.240796336	0.301514659
20220315	0.074989473	0.075690278	0.075624453	0.078546568	0.081082371	0.081457169	0.082572399	0.083952922	0.089726005	0.095108492	0.098996657	0.099697026	0.106255562	0.112578885	0.118239157	0.124378745	0.150141118	0.189523031	0.245026926	0.293356787
20220314	0.074989473	0.075690278	0.076327936	0.077647866	0.080539408	0.081219278	0.082573019	0.086260411	0.091452434	0.096401435	0.099406203	0.100309654	0.104216429	0.110199862	0.116389352	0.122478688	0.150481891	0.180230032	0.227599691	0.285150426
20220311	0.075803957	0.075690278	0.076327936	0.077647866	0.080539408	0.081179996	0.082395042	0.085303035	0.089831182	0.094276743	0.097062517	0.09847592	0.102362903	0.107912228	0.113478503	0.11850324	0.145450919	0.170877224	0.212761782	0.282786596
20220310	0.074989473	0.075690278	0.076327936	0.077647866	0.080539408	0.081167219	0.082572599	0.084959934	0.088880595	0.092895207	0.095320506	0.096283193	0.10113863	0.106430198	0.111172063	0.115648438	0.144086487	0.16899435	0.202183428	0.284937775
20220309	0.074989473	0.075628806	0.076327936	0.077827605	0.080539408	0.081226015	0.082390394	0.084144904	0.089018598	0.092812904	0.096297726	0.09749988	0.103412443	0.107878962	0.111345126	0.11591855	0.146684023	0.174089179	0.213742917	0.282882884
20220308	0.074807017	0.075456305	0.076327936	0.078366827	0.080539408	0.081218199	0.082572618	0.083451692	0.088747752	0.092619484	0.095207931	0.097201721	0.104471101	0.108898591	0.111863625	0.116149816	0.145808791	0.174458348	0.210296657	0.279214145
20220307	0.074807017	0.074434558	0.07509684	0.077288385	0.080177433	0.08182327	0.082937011	0.084723881	0.091002395	0.095067548	0.098152769	0.100079221	0.108300113	0.112704759	0.115382245	0.120295468	0.150391726	0.180364833	0.215366092	0.297213173
20220304	0.074807017	0.073938048	0.07509684	0.077288385	0.080177433	0.08182327	0.08312383	0.086673952	0.09187844	0.096106592	0.099121086	0.100942106	0.108521603	0.113343891	0.116450954	0.120762203	0.149530888	0.18023795	0.217225011	0.325759396
20220303	0.074807017	0.073888129	0.07509684	0.077288385	0.079815458	0.081380893	0.082961965	0.088150993	0.092201695	0.096923288	0.099404687	0.100372311	0.107761758	0.112863427	0.116169126	0.120797066	0.148050456	0.18241871	0.233844058	0.316779364
20220302	0.074807017	0.073888129	0.07509684	0.076389683	0.079091509	0.080541921	0.082572344	0.085750775	0.088980206	0.094126708	0.096435414	0.098407911	0.103939825	0.107985029	0.110965296	0.115147696	0.142028042	0.179345904	0.235946439	0.332156007
20220301	0.074807017	0.073888129	0.07509684	0.076389683	0.079091509	0.080541921	0.081114788	0.084370649	0.087950968	0.092412903	0.095505943	0.098106756	0.103649645	0.107783009	0.110940911	0.115095103	0.14188895	0.179500913	0.243629053	0.373271518
20220228	0.075719298	0.074873273	0.074745098	0.076928904	0.079272496	0.079992772	0.080592613	0.084291348	0.08750047	0.09378878	0.096977202	0.099347804	0.104115403	0.108055968	0.111351662	0.116059742	0.141064771	0.1782157	0.229610091	0.334722525
20220225	0.075719298	0.074789203	0.074745098	0.077108644	0.079272496	0.079906757	0.080408603	0.08219049	0.084729342	0.090888469	0.095067685	0.097053234	0.100817043	0.104357428	0.107458241	0.111682995	0.136371294	0.168024177	0.215085529	0.303382712
20220224	0.075719298	0.074789203	0.074745098	0.076749163	0.079091509	0.079864069	0.079852069	0.080279468	0.083487916	0.089519563	0.093862127	0.095312373	0.098829988	0.103717575	0.108330504	0.111800741	0.137885064	0.167305671	0.207731048	0.312041823
20220223	0.075719298	0.074789203	0.074745098	0.075850461	0.079091509	0.080175821	0.080758705	0.080248912	0.083487594	0.090873897	0.095453554	0.09698094	0.10004743	0.104940457	0.110068472	0.114054721	0.140778594	0.168795056	0.216260082	0.315585145
20220222	0.075719298	0.074789203	0.073338132	0.075311239	0.07764361	0.078734761	0.079664905	0.079949918	0.083596556	0.089984274	0.095105331	0.096695368	0.099271597	0.103573558	0.108236328	0.112544448	0.140170879	0.164005946	0.221335755	0.310837865
20220221	0.075719298	0.074789203	0.073338132	0.074592278	0.07764361	0.078711423	0.078383338	0.078659888	0.0822165	0.087206232	0.089847319	0.091311887	0.094008709	0.098327284	0.103086548	0.10808049	0.131345529	0.153433482	0.199368081	0.304120156
20220218	0.075719298	0.074789203	0.073338132	0.074592278	0.07764361	0.078711423	0.078380239	0.077327826	0.081139197	0.085974814	0.087773707	0.088941584	0.091391348	0.095812719	0.100531771	0.104389362	0.128452251	0.148858632	0.190123696	0.273254377
20220217	0.075719298	0.074789203	0.073338132	0.076569422	0.078548546	0.079443622	0.07910961	0.079676213	0.083446826	0.088936301	0.090467083	0.091504824	0.094311261	0.098888655	0.103499769	0.107157356	0.130798445	0.148166474	0.19247262	0.278929963
20220216	0.075719298	0.074789203	0.073338132	0.077108644	0.078005585	0.078910471	0.078927331	0.079440247	0.083292361	0.08768676	0.08821973	0.089152535	0.091821071	0.095744429	0.099908585	0.104098425	0.126674273	0.144664879	0.192269712	0.267431696
20220215	0.074624561	0.073791984	0.072634649	0.078007346	0.077824597	0.078963373	0.079109592	0.079682387	0.08315054	0.087155827	0.088627271	0.089294349	0.091858838	0.096216	0.100821025	0.105800044	0.129083099	0.14409247	0.197025208	0.290049773
20220214	0.074624561	0.07369793	0.072282907	0.078007346	0.077824597	0.079109977	0.079113201	0.079874421	0.08246708	0.086230837	0.087664416	0.087966182	0.091030053	0.095155786	0.099022159	0.103810085	0.126125879	0.153569287	0.182588183	0.263235504
20220211	0.074624561	0.073707914	0.072282907	0.078007346	0.077824597	0.079125628	0.079291835	0.080043433	0.083023604	0.08713699	0.08821752	0.088707964	0.091842781	0.096141506	0.100222925	0.105639418	0.128665289	0.157512796	0.193172518	0.277506377
20220210	0.074624561	0.073707914	0.072282907	0.078007346	0.077824597	0.079832621	0.080020986	0.081019087	0.0847529	0.088392374	0.088747533	0.090433272	0.093190607	0.096965711	0.100881798	0.106090177	0.130242571	0.16289537	0.205198109	0.301781002
20220209	0.074624561	0.073707914	0.072282907	0.077288385	0.077824597	0.079857168	0.080203137	0.08083035	0.084390659	0.087614215	0.087926659	0.089943688	0.092575443	0.096129622	0.100203043	0.104850894	0.129175945	0.162962869	0.20889216	0.3334361
20220208	0.074624561	0.073707914	0.073689874	0.077288385	0.07836756	0.080402894	0.080567477	0.080580241	0.083162234	0.086952998	0.088259587	0.09020585	0.092460229	0.095673648	0.099426374	0.104053669	0.130117298	0.157829246	0.196412861	0.31517752
20220204	0.074624561	0.073707914	0.073689874	0.077288385	0.077824597	0.080187903	0.080568953	0.079456415	0.082836093	0.085831484	0.087719014	0.089603436	0.091200199	0.093661361	0.096872237	0.101548124	0.125245293	0.151929544	0.18718409	0.290926978
20220203	0.074624561	0.073707914	0.073338132	0.077827605	0.079272496	0.08182327	0.082224702	0.083094936	0.086711833	0.090668677	0.093619724	0.095119199	0.096180762	0.0991342	0.102936089	0.106708729	0.131242122	0.158579183	0.189995598	0.326969523
20220202	0.074624561	0.073707914	0.073162261	0.078187087	0.079815458	0.081817156	0.082390065	0.08242792	0.086030495	0.089745114	0.091216484	0.093756175	0.095250064	0.098072281	0.101654692	0.105674706	0.130615047	0.155884708	0.185464825	0.301899493
20220201	0.074624561	0.073707914	0.07298639	0.078007346	0.079815458	0.081815892	0.082390065	0.081874475	0.084436264	0.087635044	0.088657688	0.089045917	0.090329837	0.092892709	0.095647551	0.097656462	0.123400829	0.143777485	0.166776721	0.261921553
20220131	0.074624561	0.073707914	0.074041615	0.078187087	0.078910521	0.081808003	0.081843229	0.081219632	0.083865483	0.086545364	0.087661874	0.088135337	0.089861573	0.092494109	0.095180079	0.099037412	0.119280974	0.13984357	0.163247727	0.255491107
20220128	0.074624561	0.073707914	0.074217486	0.078187087	0.079453483	0.081803757	0.081880104	0.082401062	0.085839624	0.088481432	0.090607754	0.0905864	0.091055614	0.093250668	0.096129636	0.099213928	0.117636053	0.13846563	0.16296957	0.261648923
20220127	0.074624561	0.073707914	0.071931165	0.077288385	0.079453483	0.081800919	0.081856353	0.08200095	0.08565174	0.088836255	0.091064369	0.090820583	0.090688348	0.092480651	0.095012247	0.098174447	0.117117581	0.137708981	0.164925024	0.25720782
20220126	0.074624561	0.073707914	0.071931165	0.076569422	0.079815458	0.081993176	0.081857373	0.08250565	0.086806268	0.09132377	0.093903246	0.094204481	0.093331769	0.094655869	0.097251954	0.100799287	0.120568358	0.143776984	0.175544928	0.274847876
20220125	0.074624561	0.073707914	0.071931165	0.076030202	0.079453483	0.081628999	0.081674019	0.082010159	0.086661425	0.091720152	0.093946037	0.094996303	0.094282791	0.096005845	0.099345932	0.102878309	0.125140198	0.152392802	0.189995135	0.297525839
20220124	0.074807017	0.072376521	0.070172456	0.0751315	0.079091509	0.081657829	0.081491649	0.082027703	0.086899785	0.092015576	0.094701516	0.096316286	0.095938933	0.09787876	0.101263385	0.104817201	0.128955301	0.160943094	0.20239444	0.317624529
20220121	0.074807017	0.072814192	0.070172456	0.074053057	0.079091509	0.081662149	0.081517934	0.082257425	0.087113433	0.091922368	0.095146845	0.096732449	0.096355563	0.098506205	0.102244602	0.105526703	0.131839632	0.163214772	0.20481242	0.331654351
20220120	0.074807017	0.072987053	0.070172456	0.074053057	0.080358421	0.081786514	0.081854147	0.082283777	0.087357021	0.092317156	0.095501728	0.096410315	0.095532999	0.097928908	0.102010615	0.105306137	0.130619971	0.160532884	0.200125272	0.315202181
20220119	0.074807017	0.073115781	0.070172456	0.074053057	0.079996446	0.082189369	0.082035424	0.082515749	0.087868482	0.093473341	0.096291727	0.096871121	0.095571057	0.097995597	0.102423736	0.105097342	0.12823211	0.15692502	0.195011213	0.315952007
20220118	0.075719298	0.073139425	0.070172456	0.074772019	0.080720396	0.082364584	0.082223645	0.085609231	0.092072688	0.098273572	0.101279304	0.101367862	0.100139368	0.102844139	0.107143524	0.110325136	0.135276968	0.162613258	0.200751677	0.339630172
20220117	0.075719298	0.07329441	0.069468974	0.074592278	0.080177433	0.082046682	0.082232467	0.086459665	0.091857139	0.099793708	0.101061982	0.100531665	0.098871453	0.101555828	0.106416	0.10895748	0.132590525	0.156818854	0.190258713	0.304628612
20220114	0.075354385	0.073746786	0.069644844	0.074592278	0.080177433	0.08235221	0.082467607	0.086828455	0.092226373	0.098823492	0.100519232	0.099205099	0.09774329	0.099863383	0.103417935	0.106048967	0.12749248	0.149119621	0.175688582	0.312068755
20220113	0.075719298	0.073888129	0.069644844	0.074592278	0.080177433	0.082350672	0.08241728	0.086793853	0.092035213	0.098576199	0.100704463	0.099213491	0.097446681	0.099136167	0.102298439	0.104074944	0.125885496	0.145474734	0.174003015	0.284727063
20220112	0.075719298	0.074016856	0.069644844	0.074592278	0.080177433	0.082594989	0.082783733	0.087575451	0.093193645	0.099658693	0.102175265	0.101504665	0.099835914	0.101547459	0.105122512	0.107511485	0.128941178	0.150160112	0.179648687	0.288317858
20220111	0.076631578	0.0740405	0.069644844	0.074592278	0.079996446	0.082557391	0.083150169	0.088057619	0.093568089	0.101265747	0.103672946	0.102846444	0.101520472	0.103533931	0.107581305	0.110299997	0.131650115	0.155456773	0.187746307	0.302307964
20220110	0.076631578	0.074195485	0.069820716	0.075670721	0.080177433	0.082713276	0.083513778	0.08809215	0.094808276	0.102410446	0.104981878	0.104760922	0.10322595	0.104941794	0.108504997	0.111608019	0.133305523	0.156513455	0.186928602	0.310674009
20220107	0.07624999	0.07464786	0.070348328	0.075850461	0.080539408	0.083323381	0.084118944	0.088910791	0.096235788	0.104396471	0.106747155	0.10733334	0.106184351	0.108498497	0.112714527	0.115924522	0.138617874	0.160465299	0.188249831	0.333429627
20220106	0.076631578	0.074789203	0.070348328	0.075850461	0.080539408	0.083322008	0.084065756	0.091341216	0.098546523	0.106276709	0.108894464	0.109741302	0.109146783	0.111415949	0.115711413	0.119702799	0.143496573	0.168634902	0.202121582	0.32434425
20220105	0.076631578	0.074917931	0.070348328	0.075850461	0.080539408	0.083143644	0.084063824	0.091436684	0.098858611	0.106687065	0.109088141	0.109817659	0.109535885	0.112002336	0.115891989	0.120187044	0.145324651	0.172291804	0.208964212	0.326151818
20220104	0.076631578	0.075335633	0.071755295	0.075850461	0.080539408	0.083266288	0.084578105	0.091825216	0.099056543	0.107296666	0.10926679	0.109971231	0.109585829	0.112136042	0.116092096	0.120400762	0.147078784	0.179172724	0.220462222	0.352772797
20220103	0.077726315	0.07525104	0.07298639	0.076389683	0.080720396	0.084183459	0.084792063	0.092248872	0.100254774	0.10766666	0.10961899	0.110587981	0.11032819	0.112762686	0.116771528	0.121423306	0.148863959	0.182064565	0.227688528	0.354205299
20211231	0.077361403	0.075571012	0.07298639	0.076389683	0.080720396	0.083755873	0.084318503	0.092252464	0.101025472	0.10842847	0.110488701	0.111577408	0.111436681	0.113673033	0.117309984	0.121419845	0.150122469	0.179743887	0.221648723	0.376887143
20211230	0.077726315	0.075690278	0.07298639	0.076389683	0.080720396	0.083758564	0.084066886	0.092842029	0.10175048	0.10904461	0.11059351	0.111675352	0.111334394	0.113767701	0.117198786	0.121017741	0.149390864	0.177314599	0.214336281	0.35522319
20211229	0.077726315	0.075806913	0.07298639	0.076749163	0.081263358	0.083826842	0.084065974	0.092597169	0.100996993	0.108615814	0.110164298	0.111193819	0.111197998	0.113537307	0.11673016	0.120492042	0.147393793	0.175190027	0.211328764	0.349598268
20211228	0.078821052	0.075820573	0.07298639	0.076749163	0.081263358	0.08377156	0.084426285	0.092023667	0.100752964	0.107779882	0.109987496	0.110762222	0.110780966	0.113024509	0.115647466	0.119407183	0.14607084	0.173276475	0.208644247	0.335164274
20211227	0.078821052	0.076008681	0.07298639	0.077288385	0.081082371	0.084101837	0.084427123	0.092630933	0.100852676	0.108198173	0.110626595	0.111270487	0.111017724	0.113069974	0.116137817	0.119902249	0.145066406	0.172033705	0.20716328	0.333036336
20211224	0.078363142	0.076595659	0.07298639	0.077288385	0.081082371	0.084398158	0.084669992	0.092531838	0.100396935	0.107908674	0.110982756	0.110756424	0.110379285	0.112767237	0.116218146	0.120007128	0.145707373	0.170930413	0.20569639	0.330953124
20211223	0.078821052	0.076771568	0.07298639	0.077288385	0.081444345	0.084258034	0.084972757	0.092709065	0.10113345	0.108965144	0.111808729	0.111869475	0.111627886	0.1140043	0.117062726	0.120930921	0.146499807	0.171524792	0.205669207	0.323101741
20211222	0.078821052	0.07692603	0.07298639	0.077288385	0.081625333	0.084767224	0.085124887	0.093649002	0.102827496	0.111071895	0.11416422	0.113897064	0.113496333	0.115669106	0.118782857	0.122735908	0.147727442	0.173090176	0.207915641	0.336833432
20211221	0.079915789	0.076954413	0.07298639	0.077288385	0.08180632	0.084978133	0.085307111	0.094627883	0.103651248	0.112152447	0.115231443	0.114875402	0.114310141	0.116172185	0.119390527	0.12273079	0.147543571	0.173516418	0.207589992	0.33682287
20211220	0.079915789	0.077140396	0.073865744	0.078726308	0.081625333	0.085005591	0.085489371	0.09401099	0.102346974	0.11111098	0.114623124	0.114088771	0.113421644	0.115161346	0.118150475	0.122095752	0.145831641	0.170684119	0.203875099	0.357553541
20211217	0.079457879	0.077683256	0.073865744	0.078726308	0.081625333	0.08492309	0.085493673	0.094156109	0.102253168	0.110955817	0.114861407	0.114542356	0.113730001	0.115523464	0.118946299	0.122301623	0.146117211	0.169612171	0.201555017	0.344633165
20211216	0.079915789	0.077852857	0.073865744	0.077288385	0.081625333	0.08492082	0.08567165	0.095333913	0.103878491	0.112825017	0.11637541	0.115992338	0.115326236	0.117036057	0.120481325	0.124591695	0.148154943	0.172645205	0.204882806	0.325438186
20211215	0.079915789	0.078007319	0.073865744	0.077647866	0.081625333	0.085069292	0.08567165	0.094893009	0.103242283	0.111979276	0.115163712	0.115181347	0.114756959	0.116863314	0.120450104	0.124796969	0.149980381	0.173814187	0.205459809	0.33512588
20211214	0.080098245	0.078158285	0.073865744	0.077108644	0.081625333	0.084871544	0.085853966	0.095051365	0.103228807	0.11218989	0.115481501	0.115651359	0.115613508	0.117732577	0.121182144	0.125552252	0.152251089	0.176196292	0.207751525	0.330791682
20211213	0.080098245	0.078419778	0.075272711	0.076389683	0.08180632	0.08503389	0.086218505	0.094456185	0.102466357	0.111785393	0.115050837	0.115561911	0.115287832	0.117244361	0.120730138	0.124393331	0.152279408	0.177067051	0.209016528	0.332223701
20211210	0.07995394	0.078677953	0.075272711	0.076389683	0.08180632	0.085141926	0.086222826	0.094759678	0.102603121	0.112567767	0.115737006	0.115960609	0.115669314	0.117848496	0.121115588	0.125218594	0.153134305	0.1788345	0.212395804	0.346662742
20211209	0.080098245	0.078934147	0.076152065	0.078007346	0.081987308	0.085301216	0.086614142	0.095132322	0.102769026	0.11186509	0.1152027	0.115745121	0.115839266	0.118413659	0.121453121	0.125209028	0.15292332	0.179174666	0.213831092	0.330877703
20211208	0.080098245	0.078959899	0.076152065	0.078187087	0.081987308	0.085279085	0.08658248	0.094725008	0.102798082	0.111430768	0.114387888	0.114952841	0.11516051	0.117459513	0.119809519	0.123766567	0.153282878	0.179375173	0.213026029	0.320873803
20211207	0.080098245	0.07899614	0.076152065	0.078366827	0.081987308	0.085075772	0.08658248	0.095096343	0.102972558	0.110978273	0.113640979	0.114491219	0.114827007	0.117199132	0.120220745	0.124193016	0.151303293	0.175397662	0.205758822	0.33576579
20211206	0.080098245	0.079030292	0.076503806	0.079085788	0.08253027	0.085054721	0.085671086	0.094725984	0.102456072	0.110125743	0.112886511	0.113802131	0.114329745	0.11643528	0.119245236	0.123159908	0.149157219	0.173063546	0.201847509	0.337426827
20211203	0.080098245	0.079114362	0.07720729	0.079085788	0.08253027	0.084804895	0.0857559	0.094238793	0.101993779	0.109414951	0.111908014	0.113005536	0.113587605	0.115196159	0.117995876	0.121265969	0.147556898	0.169345888	0.195964869	0.318669843
20211202	0.080098245	0.079114362	0.07720729	0.078366827	0.08253027	0.084948113	0.085881381	0.093801272	0.101970917	0.109589467	0.112359482	0.113214188	0.113803166	0.115349436	0.117910317	0.121539407	0.148019098	0.172384805	0.200856032	0.317950675
20211201	0.080098245	0.078972496	0.076503806	0.078187087	0.082349283	0.084914487	0.08750842	0.094522214	0.102754378	0.110163169	0.112843041	0.113475475	0.114029353	0.115774727	0.118348111	0.12162825	0.149785541	0.17379011	0.202742443	0.338555587
20211130	0.080280701	0.078982138	0.076503806	0.078187087	0.082168295	0.08508368	0.086749903	0.094887149	0.103170354	0.111023797	0.1139469	0.114834571	0.115668607	0.117398898	0.120059724	0.123391856	0.151695706	0.175994713	0.204829874	0.334507351
20211129	0.080280701	0.079012432	0.076679677	0.078546568	0.082349283	0.085214322	0.086590099	0.094896304	0.103101582	0.111492823	0.114608286	0.115713497	0.116484243	0.11833123	0.121673147	0.125354971	0.154836492	0.180021833	0.209423934	0.352258796
20211126	0.08020438	0.079088195	0.076503806	0.078551923	0.082349283	0.084924646	0.087021918	0.095391256	0.103430999	0.112446477	0.115546186	0.115804486	0.116658685	0.119023552	0.122368635	0.12611882	0.157215667	0.183410314	0.214996583	0.362300583
20211125	0.080280701	0.079114362	0.076503806	0.078546568	0.082168295	0.085062519	0.086375138	0.095783102	0.103387821	0.11331917	0.115975037	0.116148831	0.117391652	0.119453121	0.122799944	0.126629739	0.157166521	0.183528777	0.2162374	0.354943679
20211124	0.080280701	0.079140114	0.076503806	0.078366827	0.081987308	0.08572807	0.087671214	0.095003701	0.102399656	0.112447456	0.11528781	0.114749881	0.115429189	0.117823022	0.121110231	0.124551326	0.15338486	0.176681263	0.205955068	0.336849296
20211123	0.080280701	0.079176355	0.076503806	0.078906049	0.082349283	0.086165175	0.08749865	0.09552537	0.103407101	0.113121054	0.115467848	0.115516424	0.116095323	0.118200777	0.121771814	0.125596595	0.154064331	0.177745612	0.208422624	0.341265532
20211122	0.080280701	0.079817471	0.077734902	0.078187087	0.082349283	0.086493291	0.086827098	0.095525458	0.102453102	0.112473596	0.115032369	0.114798542	0.115231126	0.117409798	0.120765134	0.124534084	0.150515752	0.173110532	0.203344681	0.332130299
20211119	0.080280701	0.079344496	0.077734902	0.078187087	0.080901383	0.085934678	0.086886321	0.09584838	0.10302115	0.112597757	0.115021856	0.114743862	0.115293554	0.11773263	0.121293467	0.125146993	0.151921076	0.172636143	0.201824698	0.321915762
20211118	0.080280701	0.079294576	0.077734902	0.078187087	0.080901383	0.085097427	0.085753713	0.096211658	0.103631595	0.112773401	0.115079423	0.114685787	0.114902056	0.117001545	0.120996161	0.124568068	0.15041093	0.172608159	0.201754626	0.305411903
20211117	0.080280701	0.079294576	0.076855548	0.078187087	0.080901383	0.084796145	0.08539229	0.095200984	0.103273122	0.111678194	0.114114594	0.11358611	0.11377712	0.115709482	0.119191976	0.122978079	0.148361453	0.171263757	0.200756919	0.295086178
20211116	0.078091227	0.078577051	0.076855548	0.078546568	0.080720396	0.084524096	0.085404557	0.095549438	0.103435649	0.112545046	0.114878486	0.114003045	0.113996768	0.115969076	0.119307728	0.12310873	0.149199482	0.171616524	0.198423441	0.307724639
20211112	0.078091227	0.078184921	0.076327936	0.079265529	0.081444345	0.084358748	0.084884206	0.095751988	0.103347053	0.112771758	0.115161091	0.114581527	0.114100233	0.115646951	0.119244884	0.123040078	0.149557804	0.169612242	0.195108983	0.303251377
20211111	0.078413189	0.077933342	0.076327936	0.079265529	0.080539408	0.084242126	0.085117176	0.095510599	0.102445329	0.111877786	0.114305098	0.113784947	0.113574111	0.115040692	0.117944887	0.121715192	0.147183972	0.165541488	0.189792844	0.302004437
20211110	0.078091227	0.077852857	0.076327936	0.079265529	0.080539408	0.084042749	0.084846784	0.096065858	0.103240942	0.112708557	0.115030996	0.11430752	0.113920624	0.115350551	0.118024614	0.122177638	0.14658817	0.164932924	0.189959302	0.302302003
20211109	0.078091227	0.077775095	0.077910773	0.079804751	0.080901383	0.083917012	0.084861913	0.095631808	0.102640002	0.112256045	0.11451399	0.113752759	0.113299836	0.114447484	0.117319216	0.121114224	0.144847888	0.163236679	0.1894503	0.2932855
20211108	0.077543859	0.077741466	0.077910773	0.080164232	0.081987308	0.084025963	0.08540525	0.0958214	0.103219964	0.113208851	0.114993445	0.114621589	0.11437552	0.115525956	0.118837609	0.122704287	0.146882382	0.165660523	0.191818446	0.290524111
20211105	0.077543859	0.077618524	0.07720729	0.07962501	0.081987308	0.084980513	0.08558341	0.0962592	0.103111527	0.113393674	0.115200048	0.114652695	0.114523581	0.115993919	0.119110481	0.122613762	0.146543318	0.164307866	0.1902629	0.28855496
20211104	0.077543859	0.077258094	0.07720729	0.07962501	0.081987308	0.085001545	0.085949262	0.096571867	0.10344977	0.113723685	0.115647917	0.11495419	0.114667709	0.116042637	0.119329378	0.12311347	0.147735854	0.164484273	0.187861338	0.292945168
20211103	0.077543859	0.077131997	0.07720729	0.079984491	0.081987308	0.085069255	0.086117833	0.097307511	0.104019685	0.114329967	0.116338143	0.115641084	0.115115207	0.116650406	0.119627662	0.123561219	0.149267782	0.166956553	0.19106714	0.290850101
20211101	0.077543859	0.07704216	0.077031418	0.080164232	0.081987308	0.085043006	0.086115208	0.097861375	0.105057986	0.115127511	0.117116573	0.116373392	0.116206338	0.118239735	0.121457863	0.125162419	0.151174133	0.16943415	0.193415139	0.29530254
20211029	0.076814035	0.077047585	0.077031418	0.080164232	0.082711258	0.085085052	0.086272515	0.098248895	0.105704564	0.115168073	0.11715605	0.116794018	0.116751675	0.118283653	0.121334898	0.125373663	0.151770585	0.171211437	0.194754104	0.297413656
20211028	0.076814035	0.076952827	0.076327936	0.080164232	0.082895919	0.085059371	0.086453554	0.098758374	0.106254232	0.115778753	0.117808519	0.117300668	0.117332868	0.119271051	0.122381718	0.126040834	0.152622213	0.171563046	0.195436748	0.306454382
20211027	0.077127659	0.076682884	0.076327936	0.080164232	0.083073233	0.084892667	0.086217485	0.098692991	0.104961583	0.114603847	0.117217231	0.116552465	0.116398596	0.118388093	0.121674	0.125397243	0.150481932	0.170127499	0.193472798	0.302629714
20211026	0.076814035	0.076591353	0.076327936	0.080164232	0.083073233	0.085045587	0.086091821	0.09832026	0.105532465	0.114843705	0.117523781	0.11737348	0.116940317	0.119239962	0.122721296	0.126813688	0.15212394	0.172425462	0.197417488	0.309192453
20211025	0.076814035	0.076500974	0.076327936	0.080343971	0.08325422	0.084963599	0.085676281	0.098298215	0.106162445	0.11503266	0.117819252	0.117948702	0.117669585	0.120007094	0.123501165	0.127264971	0.154101053	0.176644427	0.206822711	0.315372814
20211022	0.076631578	0.076413408	0.076327936	0.080343971	0.083435208	0.084794058	0.085676353	0.098638055	0.107001728	0.115627258	0.118467601	0.118712382	0.118594741	0.12083408	0.124187295	0.127959401	0.155869853	0.17912081	0.211206165	0.314201941
20211021	0.076631578	0.075959284	0.07509684	0.080523712	0.08325422	0.085199038	0.086405633	0.098843046	0.107490193	0.116293935	0.119026278	0.119554227	0.11913721	0.12119616	0.124588662	0.12867296	0.158065557	0.179849506	0.210471764	0.339122465
20211020	0.076631578	0.075712877	0.07509684	0.080523712	0.083616195	0.085118167	0.08662054	0.098409781	0.107178224	0.116507768	0.119282098	0.119707652	0.119255084	0.121112379	0.124514643	0.128328738	0.159275097	0.180488537	0.208287826	0.336236424
20211019	0.076631578	0.075690278	0.07509684	0.080523712	0.08325422	0.085110222	0.086951832	0.098607238	0.107132721	0.116632195	0.119789049	0.120425711	0.119700877	0.121036075	0.124651618	0.128863796	0.159636311	0.178913779	0.206327896	0.325251615
20211018	0.076631578	0.075690278	0.07509684	0.080703453	0.08325422	0.085294974	0.08695103	0.098535018	0.107177137	0.117046186	0.11990898	0.120230832	0.119469688	0.121539035	0.124683679	0.128492265	0.158467201	0.177491163	0.200493752	0.324396688
20211015	0.076631578	0.075690278	0.07509684	0.079804751	0.083616195	0.085237936	0.087314056	0.098782598	0.107575478	0.117563542	0.120363227	0.120607527	0.120602341	0.122202067	0.125428966	0.129293925	0.159204379	0.178429554	0.205717156	0.308816497
20211014	0.077361403	0.076411138	0.074569227	0.080164232	0.082892245	0.085413463	0.08731371	0.098480291	0.107387544	0.11632361	0.119383403	0.11947544	0.119534264	0.120804802	0.12446551	0.128630288	0.15685657	0.175377424	0.200838964	0.301193605
20211013	0.077361403	0.076411138	0.074569227	0.080164232	0.082892245	0.085332719	0.087688512	0.098181349	0.107394163	0.117060243	0.120027695	0.119888341	0.120204679	0.121835161	0.125507727	0.129496347	0.156150646	0.173349206	0.197348684	0.304072164
20211012	0.077361403	0.076411138	0.074569227	0.079804751	0.082892245	0.085301216	0.087893649	0.099055258	0.10857605	0.11827362	0.121040303	0.120871201	0.120944726	0.122334146	0.125785966	0.130132567	0.15780027	0.175934928	0.203690382	0.306102388
20211011	0.077361403	0.076411138	0.074569227	0.079265529	0.08325422	0.085271837	0.08822299	0.099602704	0.109229741	0.119002237	0.122279736	0.121907273	0.122282133	0.123805314	0.127263869	0.131910685	0.158991518	0.177243333	0.205506742	0.309728799
20211008	0.077361403	0.076411138	0.074569227	0.079265529	0.08325422	0.085422249	0.08822299	0.099492535	0.108434212	0.118370131	0.121457614	0.120900083	0.121809934	0.123572441	0.126631187	0.13086895	0.158463628	0.175983277	0.203788628	0.31427976
20211007	0.077361403	0.076411138	0.075624453	0.079984491	0.083435208	0.085389061	0.087858432	0.098842139	0.108025823	0.117822004	0.120605345	0.12017676	0.121054051	0.122634757	0.125909482	0.130414962	0.157573109	0.174792349	0.201351516	0.310285337
20211006	0.077361403	0.076411138	0.074569227	0.079804751	0.083435208	0.085319704	0.087858432	0.099543355	0.10881071	0.118519651	0.12197792	0.121725159	0.12189396	0.123710711	0.126732651	0.131309901	0.158539418	0.176747735	0.203008318	0.313725168
20211005	0.077361403	0.076411138	0.074569227	0.07962501	0.083435208	0.085289995	0.087895654	0.100578097	0.109826778	0.119836261	0.123341718	0.122746523	0.122941603	0.124761939	0.127598292	0.131919824	0.159646159	0.177923922	0.205671863	0.310749015
20211004	0.077361403	0.076411138	0.074569227	0.079804751	0.083435208	0.085562812	0.088068108	0.101659439	0.110912566	0.12110937	0.124652828	0.124159083	0.124396246	0.125825025	0.128718742	0.132828228	0.161941614	0.18080331	0.20540678	0.31134252
20211001	0.077361403	0.076411138	0.074569227	0.079804751	0.083435208	0.085671837	0.088070076	0.10204014	0.111133666	0.120364819	0.124688248	0.124103409	0.124038456	0.125217768	0.128403197	0.132844435	0.159022195	0.1772862	0.202885384	0.314776005
20210930	0.077361403	0.076050708	0.075800323	0.07944527	0.08325422	0.08575798	0.088249876	0.102071341	0.111041064	0.120687031	0.124478613	0.123985035	0.123707904	0.124848317	0.129000193	0.133311863	0.159425578	0.177198595	0.20491718	0.317671631
20210929	0.077101823	0.076064368	0.075800323	0.079265529	0.08325422	0.085513334	0.08788654	0.101722276	0.110917675	0.12021042	0.123816611	0.123498609	0.123655881	0.124351352	0.128427093	0.132742784	0.158968846	0.178103713	0.207057877	0.336837538
20210928	0.077361403	0.076145645	0.076152065	0.079265529	0.08325422	0.085458712	0.088066686	0.100283185	0.109479048	0.118453812	0.12166466	0.121242781	0.12150619	0.122502954	0.126308128	0.130514163	0.15618742	0.177358734	0.207818483	0.327444931
20210927	0.077543859	0.076159215	0.076152065	0.078546568	0.083073233	0.085023236	0.088062476	0.100592119	0.10973404	0.118995914	0.122441985	0.122045662	0.122181813	0.123242905	0.127321017	0.131826814	0.158961565	0.182058541	0.216484946	0.341576408
20210924	0.077452631	0.076190897	0.075272711	0.078726308	0.083073233	0.084829936	0.087959014	0.100498744	0.10975047	0.119214179	0.122499108	0.122121055	0.121841826	0.12284701	0.126662131	0.131433337	0.158578927	0.183642221	0.219697905	0.337572466
20210923	0.077543859	0.076193006	0.075272711	0.078726308	0.083073233	0.084763507	0.088432283	0.100877998	0.111497605	0.120491387	0.124000596	0.123742549	0.123697597	0.124762372	0.128636682	0.133258649	0.162974797	0.188933352	0.226014968	0.339720306
20210922	0.077543859	0.076411138	0.075272711	0.078726308	0.083073233	0.084731784	0.088616257	0.101238765	0.112004399	0.120722564	0.124115191	0.12430327	0.123767963	0.125601741	0.129450506	0.134059298	0.164257298	0.190155554	0.226578806	0.350044583
20210921	0.077543859	0.076452299	0.075272711	0.078366827	0.083073233	0.085442311	0.088790807	0.10123798	0.111931164	0.120875089	0.124029955	0.124798043	0.124005358	0.125838208	0.129972291	0.134935447	0.165457201	0.191853123	0.227783263	0.361362872
20210920	0.077543859	0.076591353	0.074920969	0.078187087	0.08325422	0.086233196	0.088790497	0.101578901	0.112119658	0.121488026	0.125456953	0.126042011	0.124730512	0.126197913	0.130905529	0.135443221	0.167310843	0.195413554	0.231726403	0.358805648
20210917	0.077543859	0.076591353	0.074920969	0.078187087	0.083073233	0.086445497	0.088995999	0.102976397	0.112978833	0.122436269	0.126330516	0.126074318	0.124792136	0.126209745	0.130672998	0.135547918	0.16835728	0.196867945	0.233729053	0.352807323
20210915	0.077543859	0.076591353	0.074920969	0.078187087	0.082892245	0.086399515	0.088856227	0.103711203	0.11354744	0.123039298	0.127052326	0.126607032	0.125897635	0.126935386	0.131879747	0.137190803	0.168897292	0.196736041	0.232554193	0.361656955
20210914	0.077543859	0.076591353	0.074920969	0.078546568	0.08325422	0.086719266	0.089250588	0.10433427	0.114715428	0.123738488	0.127600175	0.126925252	0.125986414	0.127020138	0.131724809	0.136932804	0.168434745	0.196338183	0.235573748	0.357059204
20210913	0.077543859	0.076591353	0.074920969	0.079085788	0.083797182	0.086672021	0.089863683	0.10507886	0.11661808	0.125202577	0.129094275	0.128113813	0.126840636	0.128271314	0.132619475	0.137794708	0.171464047	0.200142207	0.239738009	0.354973825
20210910	0.077543859	0.076591353	0.075624453	0.07944527	0.08325422	0.087042917	0.088978372	0.105633283	0.117321872	0.126101311	0.129654088	0.128554811	0.127849776	0.129502421	0.133691408	0.138582501	0.170949923	0.2001414	0.239999755	0.374738576
20210909	0.077543859	0.076591353	0.075624453	0.07944527	0.083073233	0.086820548	0.088856901	0.105677598	0.11835167	0.126703544	0.130203342	0.128812672	0.128876499	0.130745766	0.134720163	0.139407436	0.171359518	0.199689969	0.239470959	0.374747112
20210908	0.077543859	0.076591353	0.075624453	0.07944527	0.083073233	0.08675454	0.088622618	0.105972651	0.118224089	0.127271619	0.130978346	0.12998712	0.129815647	0.131745075	0.135732024	0.140504979	0.172122155	0.200735521	0.23979992	0.3858739
20210907	0.07845614	0.077492427	0.075624453	0.079265529	0.083073233	0.086653789	0.088798572	0.105660402	0.118022526	0.127049686	0.130836286	0.130010189	0.12957156	0.131487908	0.1351917	0.140174952	0.17139208	0.1980918	0.233776405	0.396278386
20210906	0.077543859	0.077492427	0.075624453	0.078726308	0.08325422	0.086582382	0.0887985	0.105865306	0.118146051	0.126972379	0.13175706	0.13026476	0.130005729	0.131573605	0.13509948	0.140500543	0.171657031	0.197610331	0.233165344	0.39542588
20210903	0.077543859	0.078212242	0.076503806	0.078726308	0.08325422	0.086512768	0.088982365	0.105070768	0.116811769	0.126827721	0.130739006	0.129079059	0.129203546	0.131226151	0.134520759	0.139012375	0.169764122	0.194769839	0.229432521	0.378364994
20210902	0.077543859	0.07767895	0.076679677	0.078906049	0.083435208	0.08637473	0.089211179	0.105391579	0.117259975	0.127582843	0.131615583	0.129698968	0.129890018	0.132205233	0.135500132	0.140373316	0.17111571	0.196737436	0.232183771	0.383765063
20210901	0.077543859	0.077492427	0.076717103	0.078546568	0.083616195	0.086613079	0.08933974	0.104636612	0.116486968	0.127054931	0.131248735	0.129503377	0.129440096	0.131774367	0.135048127	0.139900404	0.170600715	0.197019688	0.234884628	0.368092109
20210831	0.077543859	0.0773637	0.076503806	0.078906049	0.084521132	0.0866852	0.090422477	0.104517636	0.116352683	0.126685519	0.131185045	0.130155	0.13023944	0.132345419	0.135588251	0.140400002	0.17185009	0.197625864	0.235750181	0.370071326
20210830	0.076631578	0.077107128	0.075624453	0.078906049	0.085607057	0.087977844	0.088770155	0.104479058	0.116218686	0.127046185	0.132130316	0.130571044	0.130500596	0.133143495	0.136704887	0.141828171	0.173701374	0.200423121	0.23726709	0.383085684
20210827	0.077178947	0.076773676	0.077031418	0.079085788	0.084883107	0.087708339	0.088773054	0.103394682	0.114755635	0.125892823	0.130609967	0.129509783	0.12985293	0.132002216	0.135699474	0.140639103	0.173008179	0.200415736	0.237343785	0.372606421
20210826	0.076631578	0.076230923	0.075272711	0.079085788	0.08397817	0.08763188	0.088405324	0.102007126	0.113954234	0.125224435	0.129756151	0.128859109	0.12893779	0.131090413	0.1347197	0.139623822	0.172713537	0.200395661	0.238480112	0.393347879
20210825	0.076631578	0.075690278	0.074569227	0.077647866	0.08180632	0.086487397	0.0871295	0.101247921	0.113441092	0.124861379	0.129639361	0.128676181	0.128355739	0.12973549	0.133563839	0.138458016	0.172564743	0.19945655	0.237109346	0.380695605
20210824	0.076631578	0.075690278	0.074569227	0.077647866	0.08180632	0.085582326	0.086218269	0.101512018	0.113014204	0.124581939	0.129176812	0.12819272	0.127760346	0.130028402	0.133232879	0.137406483	0.171684669	0.19788758	0.231347602	0.37136706
20210823	0.076631578	0.076007979	0.074393356	0.076389683	0.081263358	0.084720344	0.086218214	0.102875366	0.114471993	0.126025115	0.130431018	0.129263485	0.129301206	0.130756221	0.134054203	0.138774505	0.171195281	0.196780489	0.228984419	0.368429449
20210820	0.076814035	0.075877323	0.074393356	0.076389683	0.081263358	0.08460063	0.086220657	0.103314458	0.115090364	0.12645074	0.131252365	0.130677142	0.130437918	0.131930109	0.135018173	0.139784497	0.171408016	0.19792169	0.229388256	0.369723698
20210819	0.076631578	0.075870493	0.074393356	0.076928904	0.081263358	0.084569017	0.086245173	0.103999768	0.115845906	0.126870856	0.131885546	0.131286465	0.130457896	0.131511992	0.135326542	0.139908545	0.17178483	0.19781073	0.230489856	0.344897881
20210818	0.076631578	0.076153682	0.075272711	0.076389683	0.081263358	0.084536287	0.08658248	0.104437533	0.116476089	0.127619788	0.132257003	0.131792417	0.131523799	0.133129052	0.136466761	0.141138092	0.172905547	0.197252238	0.228675812	0.369829897
20210817	0.076631578	0.076044922	0.075272711	0.076749163	0.081444345	0.084678993	0.086400201	0.104499515	0.116776347	0.128395241	0.133577535	0.133559892	0.133198423	0.134274922	0.13820967	0.143360413	0.174817127	0.199575312	0.231893812	0.376029996
20210816	0.076631578	0.075690278	0.073865744	0.076928904	0.080901383	0.085205005	0.085853365	0.104403735	0.11692718	0.129314937	0.133766413	0.133945024	0.133728852	0.135388641	0.139374299	0.144303363	0.174937621	0.198724682	0.229857116	0.382801962
20210813	0.076631578	0.075690278	0.073865744	0.076928904	0.081263358	0.08553768	0.085853365	0.103905364	0.116241429	0.129089934	0.133863788	0.134000311	0.134012841	0.135398715	0.13960801	0.144690417	0.174838499	0.198648709	0.229759578	0.382693158
20210812	0.076631578	0.075690278	0.073514002	0.077108644	0.081263358	0.085112089	0.085887305	0.10258143	0.115462891	0.128593557	0.133525304	0.134111451	0.134169686	0.136139966	0.140059238	0.145540062	0.177094278	0.202118881	0.235542944	0.373463249
20210811	0.076631578	0.075690278	0.073514002	0.076749163	0.081444345	0.085088091	0.086427124	0.100309588	0.113405721	0.125922115	0.130965198	0.131425863	0.131713465	0.133909131	0.137684574	0.142283341	0.173363713	0.196349978	0.224082613	0.362397362
20210810	0.076814035	0.075752272	0.073514002	0.076749163	0.081444345	0.085060908	0.086243387	0.099562278	0.112438314	0.125000644	0.129809408	0.130511976	0.130266137	0.132643708	0.136174008	0.140848982	0.169949774	0.193414864	0.222408647	0.349770527
20210809	0.076814035	0.076362804	0.075272711	0.076749163	0.082168295	0.085147289	0.08588087	0.099109689	0.111278355	0.124372503	0.128555012	0.128352045	0.129223399	0.131829171	0.13532633	0.139908093	0.168807274	0.192938463	0.220729736	0.354922886
20210806	0.076814035	0.075875215	0.074745098	0.076569422	0.082168295	0.085029113	0.085934916	0.09868551	0.11032198	0.12320968	0.127538821	0.127930811	0.12830348	0.131478491	0.134912857	0.139294624	0.16695184	0.189438529	0.216149997	0.347274777
20210805	0.076631578	0.075870493	0.074745098	0.076569422	0.082168295	0.08500949	0.085880214	0.098762333	0.110852485	0.122890773	0.127753253	0.128408385	0.128465328	0.13113366	0.135026615	0.140057339	0.167223696	0.187581062	0.216071108	0.356082549
20210804	0.076631578	0.07536872	0.072810519	0.076569422	0.082349283	0.085038082	0.085883422	0.098555284	0.110593419	0.122259098	0.127294398	0.128049274	0.128906341	0.132163822	0.13578536	0.140750416	0.168726486	0.189518402	0.218608968	0.343458335
20210803	0.076631578	0.075436337	0.072810519	0.076569422	0.082349283	0.084856661	0.085694345	0.09672119	0.109120999	0.120907403	0.12552669	0.126502594	0.126779648	0.129937551	0.133762792	0.138639833	0.166600119	0.187348748	0.213359544	0.350537465
20210802	0.076631578	0.072349201	0.070009618	0.076749163	0.081987308	0.084956295	0.085692047	0.096191271	0.108397179	0.12080291	0.125074164	0.126052019	0.126872459	0.129728643	0.133575706	0.138204122	0.165298779	0.186506178	0.214564868	0.343545455
20210730	0.074408734	0.072882493	0.069293103	0.076749163	0.081987308	0.084943061	0.085912423	0.096612328	0.108753937	0.121253845	0.126322261	0.127184107	0.127772066	0.130953808	0.13458221	0.139447987	0.166950007	0.189319469	0.218332657	0.350250693
20210729	0.076631578	0.072987053	0.069293103	0.077108644	0.081987308	0.085240792	0.086055329	0.096706226	0.109047305	0.121024112	0.126488456	0.127403345	0.127954461	0.13058109	0.134222763	0.139303738	0.167239369	0.188046749	0.216728987	0.3479109
20210728	0.076631578	0.073221909	0.069293103	0.076749163	0.08253027	0.08556565	0.086424135	0.098099538	0.110034791	0.121588619	0.126799664	0.128019814	0.128268498	0.130673267	0.134768871	0.139927895	0.168451666	0.189201828	0.215998503	0.355613214
20210727	0.076631578	0.072857803	0.069293103	0.076749163	0.082711258	0.085675242	0.0866084	0.099176607	0.110350341	0.121672732	0.128226632	0.128406992	0.128677909	0.131318222	0.135023541	0.140168116	0.16796012	0.189438763	0.215205216	0.354384239
20210726	0.076631578	0.07297287	0.07298639	0.076569422	0.08325422	0.085644251	0.086612428	0.099866121	0.112012359	0.122470558	0.12878482	0.128950929	0.129251247	0.131318904	0.135093471	0.140257799	0.165932581	0.18595288	0.20986424	0.354160202
20210723	0.075640678	0.07336345	0.070348328	0.076928904	0.083435208	0.085696347	0.086860237	0.100698557	0.112854476	0.123132472	0.129442813	0.130325148	0.130358851	0.132468735	0.136280615	0.140769376	0.167604114	0.189844712	0.214888537	0.354692287
20210722	0.076631578	0.073527698	0.070348328	0.078187087	0.083797182	0.086091881	0.087344205	0.101759214	0.114146904	0.123729311	0.129468289	0.130711955	0.131039047	0.133472321	0.136607474	0.140642052	0.167244598	0.189597297	0.212395373	0.376779207
20210721	0.076631578	0.073723142	0.070348328	0.078187087	0.084159157	0.086345259	0.087706777	0.101149629	0.11299516	0.122632393	0.127855159	0.129885944	0.129899092	0.132628742	0.135660527	0.140018991	0.166681085	0.186998486	0.210095993	0.363202055
20210720	0.076631578	0.073657994	0.071051811	0.078187087	0.084340145	0.086315843	0.087890003	0.101720322	0.113313867	0.123141883	0.129289277	0.131040287	0.130512635	0.133544611	0.137142869	0.141564432	0.170486423	0.190001789	0.212989746	0.378402608
20210719	0.075944704	0.07443308	0.071227682	0.078187087	0.083435208	0.08581899	0.087448725	0.101607938	0.112623194	0.121633066	0.127582339	0.128284643	0.128614913	0.131585319	0.135346022	0.140010767	0.168213065	0.187044392	0.213621668	0.369527424
20210716	0.076631578	0.074608988	0.071227682	0.078187087	0.082892245	0.085710223	0.086799484	0.100410915	0.111172635	0.119914565	0.124967902	0.125717341	0.125185172	0.127501376	0.132036415	0.136981496	0.164668739	0.184961575	0.216186319	0.345677098
20210715	0.076631578	0.074763451	0.071051811	0.078187087	0.082711258	0.085769878	0.086252446	0.099922051	0.109892053	0.118092699	0.122891812	0.122963938	0.123748817	0.126026391	0.130445583	0.134877274	0.1631091	0.186321109	0.21884578	0.356770376
20210714	0.077726315	0.074791834	0.071051811	0.076749163	0.082349283	0.084994022	0.085887797	0.099172089	0.109006096	0.116789715	0.121283779	0.120639345	0.121666803	0.124130559	0.128975408	0.135743017	0.160446807	0.180408443	0.210930593	0.369587071
20210713	0.077726315	0.07486538	0.071227682	0.077288385	0.082349283	0.084970152	0.085708288	0.09915655	0.109085322	0.117071497	0.121501764	0.121043825	0.121599984	0.123747913	0.128858138	0.133255872	0.16211441	0.183838882	0.21558248	0.350517845
20210712	0.077268405	0.075520677	0.071227682	0.076030202	0.082349283	0.084898726	0.085778211	0.098652234	0.108808147	0.11623344	0.120350189	0.120599581	0.120036237	0.122173327	0.127462007	0.133758918	0.159920487	0.183198943	0.214654554	0.323960691
20210709	0.077726315	0.075690278	0.071227682	0.077108644	0.082168295	0.084734915	0.085712098	0.098720424	0.109109678	0.116911403	0.121545803	0.121254182	0.121232232	0.122825537	0.128326631	0.134502149	0.161644812	0.184555078	0.213137272	0.330174273
20210708	0.077726315	0.07584474	0.071227682	0.077288385	0.08180632	0.084877584	0.085489627	0.09823374	0.108905976	0.11643549	0.121580055	0.121812813	0.120136335	0.121738603	0.126954583	0.132573323	0.160792409	0.182006769	0.21187637	0.319587364
20210707	0.078821052	0.075873124	0.071227682	0.077288385	0.08180632	0.084854264	0.08530744	0.097746723	0.108159464	0.117236651	0.121898934	0.122630536	0.120647091	0.12189975	0.126502164	0.131924297	0.160077223	0.18012493	0.203956623	0.323140647
20210706	0.078821052	0.076059105	0.073514002	0.077827605	0.081082371	0.084893802	0.085671979	0.099448132	0.110157399	0.120344008	0.124270542	0.126308205	0.125185795	0.126541891	0.131125881	0.136479584	0.163238616	0.18329228	0.213071638	0.324206591
20210705	0.078363142	0.076601967	0.071755295	0.078906049	0.081263358	0.084968743	0.085679926	0.101762649	0.11263718	0.122307461	0.126343665	0.12763873	0.127109272	0.128825288	0.133033299	0.138367271	0.165504641	0.186348968	0.212792464	0.357876183
20210702	0.078821052	0.076771568	0.071755295	0.079085788	0.080539408	0.08494275	0.085672051	0.102154408	0.112395866	0.122025614	0.126108902	0.127378704	0.126014123	0.128348339	0.132051555	0.137136092	0.163243174	0.184271336	0.212258381	0.356324202
20210701	0.078821052	0.07692603	0.071755295	0.079085788	0.080901383	0.084729222	0.085489627	0.100769014	0.110313663	0.120595499	0.124779751	0.124569168	0.123729655	0.125711783	0.129286988	0.134169088	0.159589405	0.179825453	0.206162261	0.352497434
20210630	0.079003508	0.077059496	0.072634649	0.078366827	0.080901383	0.084696895	0.086036409	0.100299072	0.109508716	0.119929253	0.123628301	0.123189893	0.122896757	0.124170424	0.127744098	0.132612743	0.158393369	0.180623754	0.210329667	0.318043601
20210629	0.079003508	0.077136196	0.075800323	0.080883193	0.08180632	0.085167864	0.086036263	0.099345776	0.10894581	0.118162372	0.122308779	0.121563359	0.120729567	0.122262696	0.126692022	0.131850977	0.156468588	0.178874296	0.20913485	0.322872248
20210628	0.078774544	0.077407618	0.073865744	0.080343971	0.082349283	0.085496219	0.086222352	0.098264103	0.107726126	0.11695082	0.120973945	0.12019934	0.119355556	0.120846213	0.125187402	0.13039114	0.155748017	0.178729681	0.209907154	0.307946916
20210625	0.079003508	0.077492427	0.073865744	0.080523712	0.08253027	0.085667316	0.086428472	0.096852828	0.106551486	0.115460741	0.119651029	0.11867112	0.118895174	0.119797491	0.1238284	0.128922614	0.154187708	0.178404451	0.211575288	0.340607963
20210624	0.079003508	0.077512918	0.075624453	0.080703453	0.08253027	0.085655619	0.08658248	0.096282431	0.105765869	0.115526548	0.119966546	0.118982875	0.119190924	0.119510089	0.123949683	0.129182588	0.156481873	0.182934319	0.218866508	0.326998244
20210623	0.079185964	0.077650403	0.073865744	0.080703453	0.082711258	0.085834422	0.086764759	0.095398616	0.10461073	0.115387964	0.120535215	0.119283644	0.119468456	0.119732245	0.124666696	0.13016888	0.158296982	0.183508805	0.217392531	0.341965496
20210622	0.079185964	0.076718494	0.073162261	0.081242674	0.08325422	0.085806378	0.086400201	0.094609379	0.103743239	0.115033257	0.119627636	0.118316116	0.118832871	0.11908199	0.124005978	0.129624012	0.156961643	0.181103538	0.207442254	0.350796511
20210621	0.079185964	0.07717087	0.073162261	0.081242674	0.083073233	0.085810754	0.086400201	0.094657078	0.103873621	0.114888964	0.119902146	0.117775706	0.118270187	0.119424931	0.123664117	0.128879734	0.154852155	0.176199129	0.202160348	0.341498692
20210618	0.079185964	0.077312212	0.073162261	0.081602155	0.082892245	0.085765906	0.086423806	0.095010258	0.104902061	0.116176928	0.120913728	0.119364478	0.119041269	0.120551151	0.124164165	0.128976899	0.15431339	0.175568908	0.201421054	0.340516863
20210617	0.079185964	0.07744094	0.073162261	0.081422415	0.083073233	0.085766291	0.086426249	0.094788402	0.105585317	0.116591433	0.122372485	0.11900043	0.119485732	0.120432872	0.124243578	0.129075674	0.152926558	0.172732136	0.199882376	0.338085191
20210616	0.07936842	0.077562657	0.073162261	0.081602155	0.083797182	0.08596155	0.0867843	0.093540246	0.105217305	0.115277496	0.119261452	0.117274039	0.116358432	0.117802637	0.12051681	0.124609535	0.14835917	0.167735618	0.191981464	0.337803704
20210615	0.07936842	0.078208565	0.07509684	0.082141376	0.08470212	0.086329791	0.086965302	0.093154678	0.105104032	0.115030585	0.119249882	0.117203925	0.117413597	0.118891329	0.121859381	0.125817758	0.146719928	0.166117938	0.191092594	0.320928009
20210614	0.079521063	0.078812573	0.078262515	0.082321117	0.085064095	0.086669203	0.087186279	0.09298155	0.105275639	0.114687429	0.118798555	0.116742096	0.116631502	0.119327574	0.121819241	0.125594913	0.146032179	0.165608204	0.187383751	0.337036492
20210611	0.07936842	0.078753932	0.078262515	0.082321117	0.085064095	0.086599735	0.087150844	0.093731424	0.105618583	0.114592163	0.119187233	0.117431837	0.117323474	0.120064207	0.122556186	0.126500135	0.147471469	0.167321429	0.191664381	0.314822965
20210610	0.07936842	0.078702444	0.078262515	0.082321117	0.085064095	0.086883627	0.086947348	0.093294008	0.104871256	0.114876235	0.118910719	0.117980415	0.11759696	0.120043534	0.122939816	0.127330857	0.147682119	0.166452418	0.188605648	0.317444
20210609	0.07936842	0.078629944	0.078262515	0.082321117	0.085245082	0.087303909	0.08712959	0.093662606	0.105297398	0.11510308	0.119853245	0.118951636	0.118514759	0.121796189	0.125488623	0.130141133	0.151503633	0.174454299	0.194707421	0.336166213
20210608	0.07936842	0.075562596	0.077031418	0.082321117	0.085245082	0.087501329	0.087494021	0.093683656	0.105397823	0.114163534	0.118929472	0.117461341	0.117640075	0.120299166	0.123518299	0.12770519	0.148344911	0.170183954	0.185302327	0.325497878
20210607	0.07936842	0.074852783	0.077031418	0.082321117	0.085245082	0.087437187	0.088405743	0.093530269	0.105318851	0.114317652	0.119412241	0.117949384	0.117818562	0.120508178	0.123505379	0.127576172	0.148210376	0.165984538	0.179384717	0.322098644
20210604	0.07936842	0.074789203	0.077031418	0.082321117	0.085245082	0.087414874	0.088405306	0.093944508	0.10528421	0.114291927	0.119327605	0.117957894	0.117805248	0.120519472	0.123495307	0.127696198	0.149088668	0.165499554	0.178871683	0.321313423
20210603	0.07936842	0.074925806	0.077031418	0.084478002	0.087054956	0.089497634	0.086840314	0.093895013	0.105308701	0.114086558	0.117406865	0.116299556	0.116379754	0.119689444	0.122625012	0.126630519	0.147813489	0.162093913	0.176546771	0.323765331
20210602	0.07936842	0.075503756	0.077031418	0.082860338	0.087054956	0.089480133	0.086832822	0.093936293	0.105367714	0.113653912	0.11768865	0.116326066	0.116903492	0.120508008	0.123306727	0.127103272	0.147251925	0.161209173	0.178321818	0.31310142
20210601	0.07936842	0.078393502	0.076503806	0.081781895	0.086692981	0.089113943	0.087146706	0.093232828	0.104293737	0.112840933	0.117119571	0.116180678	0.116840344	0.119838877	0.122608743	0.126502634	0.146313181	0.159741005	0.174727511	0.299479319
20210531	0.07845614	0.077492427	0.075624453	0.079085788	0.085064095	0.088476215	0.083548703	0.093812556	0.104939315	0.112731893	0.116677148	0.115641678	0.117414235	0.119598317	0.122092075	0.125791949	0.146514098	0.16066276	0.173890531	0.304147831
20210528	0.07845614	0.077492427	0.075624453	0.079085788	0.085064095	0.088340374	0.088019384	0.095134048	0.10590645	0.115581168	0.119730678	0.120138967	0.119720938	0.123681931	0.126806244	0.130908577	0.152809614	0.16831066	0.187573187	0.339410514
20210527	0.07845614	0.077029023	0.073514002	0.07944527	0.085064095	0.087808687	0.088179827	0.096353795	0.108340949	0.119963725	0.123493044	0.123636109	0.123161431	0.128526172	0.131651844	0.135934425	0.157791993	0.177957766	0.199047743	0.339407433
20210526	0.07845614	0.077137782	0.073514002	0.079265529	0.084159157	0.0872526	0.088262964	0.095849304	0.10696724	0.116744207	0.120795154	0.119739721	0.120328149	0.124039066	0.127209907	0.131221289	0.151381314	0.170773595	0.194701042	0.344895291
20210525	0.07845614	0.076330221	0.073514002	0.078546568	0.08397817	0.086780441	0.08655111	0.09460031	0.106074291	0.114220843	0.11858982	0.116672812	0.117299797	0.119678543	0.123533151	0.127912463	0.149130502	0.169542057	0.194970608	0.327698899
20210524	0.078150872	0.076662699	0.073514002	0.078366827	0.08397817	0.086273394	0.08462198	0.095429694	0.106643068	0.11520281	0.1192272	0.118633638	0.117144129	0.119704096	0.12316343	0.127396927	0.150369085	0.171284544	0.196179597	0.34573451
20210521	0.07845614	0.076771568	0.07298639	0.081242674	0.08397817	0.08623499	0.086297305	0.094776543	0.105828056	0.114609739	0.118575757	0.117735438	0.116215912	0.119075772	0.122293549	0.126552995	0.148375283	0.169396845	0.191578572	0.369869523
20210520	0.078273684	0.076861405	0.073162261	0.081422415	0.084159157	0.086235247	0.086142513	0.095342633	0.10576816	0.114397981	0.119439911	0.11799238	0.116114719	0.119577474	0.122620885	0.126679126	0.149529893	0.171101839	0.194789867	0.350846967
20210519	0.07845614	0.076929544	0.073162261	0.081422415	0.083435208	0.085618405	0.085426431	0.093206388	0.103529167	0.111452958	0.116553097	0.114629343	0.11401349	0.117721126	0.120945874	0.124800296	0.146880214	0.166919043	0.19544806	0.334605295
20210518	0.07845614	0.076507805	0.074041615	0.081422415	0.08325422	0.085043097	0.084888362	0.092091474	0.101383895	0.108709504	0.112514565	0.112186271	0.111465374	0.114534164	0.116819582	0.12002058	0.140222719	0.160437079	0.187620879	0.303800305
20210517	0.079109643	0.078004797	0.075624453	0.081062934	0.08325422	0.085118167	0.084821866	0.092872357	0.102279169	0.109242908	0.113554307	0.114161212	0.113491705	0.116908123	0.11907714	0.122282687	0.141992012	0.165393872	0.190151143	0.308854541
20210514	0.079185964	0.078033072	0.075624453	0.081062934	0.083435208	0.085118167	0.085095249	0.093781879	0.103056503	0.109972305	0.115455915	0.116513324	0.114511556	0.118452972	0.120710958	0.124060842	0.144918272	0.167749207	0.189256382	0.346399168
20210513	0.07845614	0.077183485	0.073865744	0.081062934	0.083435208	0.084846026	0.084914373	0.094003142	0.102918145	0.109311587	0.113901787	0.114139536	0.113694963	0.116896829	0.11900874	0.122211439	0.140618349	0.167001157	0.192148341	0.311703674
20210512	0.079185964	0.078213287	0.075800323	0.081242674	0.083616195	0.084829496	0.084916688	0.092665656	0.10022346	0.108295778	0.112506751	0.111419329	0.112146817	0.115649745	0.117782573	0.120785843	0.139057811	0.165781424	0.190329711	0.354405974
20210511	0.07845614	0.078187012	0.07738316	0.080703453	0.082349283	0.083924974	0.084015957	0.093646403	0.101373524	0.109587011	0.11429509	0.114458779	0.113114962	0.118166095	0.120766614	0.124213817	0.143432789	0.171133278	0.198932128	0.323494816
20210510	0.078600444	0.077928835	0.07738316	0.080703453	0.082349283	0.083905828	0.083723163	0.091980346	0.098813532	0.107764033	0.113023647	0.112767942	0.111329268	0.117125374	0.119969574	0.123541345	0.141818199	0.167278296	0.194834671	0.308903001
20210507	0.07845614	0.077672642	0.076503806	0.07944527	0.081444345	0.082981737	0.082920333	0.090534713	0.097228585	0.105534565	0.109744287	0.10868861	0.109116553	0.112474811	0.115289261	0.118905513	0.137799939	0.159659839	0.179398163	0.295312577
20210506	0.07845614	0.07717087	0.074745098	0.07944527	0.081444345	0.082972932	0.082558199	0.090014736	0.097163462	0.105342424	0.108995849	0.107540035	0.108449352	0.111599331	0.114142494	0.117620742	0.137627552	0.157110278	0.175162146	0.287946615
20210505	0.07845614	0.076218308	0.073338132	0.079265529	0.081263358	0.082967569	0.083104215	0.089039465	0.096184328	0.103870004	0.107325894	0.105817322	0.106667883	0.110269411	0.112876113	0.116321897	0.135670807	0.154930638	0.173225952	0.277607261
20210504	0.07845614	0.074250666	0.072107036	0.076928904	0.07836756	0.08208763	0.082741809	0.088865151	0.095707506	0.103280883	0.107109046	0.106045263	0.106974315	0.1103061	0.112904449	0.116334107	0.136236655	0.155552179	0.174119254	0.279054869
20210503	0.07845614	0.075376091	0.072107036	0.076749163	0.07836756	0.082021622	0.082251442	0.088727443	0.094649686	0.102528964	0.106861987	0.106332999	0.107284003	0.110618962	0.113211451	0.116766125	0.13737621	0.157074351	0.175076106	0.307263811
20210430	0.07845614	0.075690278	0.072107036	0.076749163	0.07836756	0.08127412	0.081598173	0.088185455	0.094707732	0.102243681	0.105703435	0.105883536	0.10664192	0.11020082	0.11316652	0.117019458	0.138774818	0.160951483	0.183911213	0.29472668
20210429	0.07845614	0.075112328	0.069644844	0.075670721	0.078186572	0.07978695	0.08166095	0.086768879	0.092863871	0.100808986	0.104734928	0.104233027	0.105344593	0.109517364	0.112106317	0.115633755	0.136354405	0.158977981	0.183208551	0.286075615
20210428	0.07845614	0.075216528	0.069293103	0.075670721	0.078186572	0.079786182	0.081296392	0.085991955	0.092392448	0.10015605	0.104076699	0.104306432	0.105481018	0.109337262	0.11175205	0.115079786	0.135710567	0.158665158	0.186875502	0.278077679
20210427	0.077311355	0.075407611	0.070348328	0.07549098	0.078186572	0.079599709	0.079109045	0.083869698	0.091435326	0.097793377	0.100386452	0.100966703	0.102260214	0.105229052	0.107453035	0.110741947	0.129979882	0.147471097	0.173790942	0.257469463
20210426	0.07845614	0.075690278	0.069293103	0.074951759	0.077462622	0.079260572	0.079104761	0.083390268	0.09065307	0.097152889	0.099478069	0.099010932	0.10061607	0.103936084	0.10560999	0.108500519	0.127667707	0.142871177	0.167606447	0.2535691
20210423	0.07845614	0.075947732	0.069117232	0.074951759	0.077100648	0.079264452	0.079104962	0.083300591	0.090780192	0.097458951	0.099519456	0.099906049	0.101411202	0.103426328	0.105073654	0.108147911	0.127064078	0.143034449	0.167783407	0.259541815
20210422	0.07845614	0.074006872	0.068941361	0.074232797	0.076557685	0.078894472	0.07837745	0.082680087	0.090669431	0.096151404	0.098370753	0.09885819	0.099617833	0.102208759	0.104172265	0.107344839	0.126095925	0.143901941	0.165987632	0.255957494
20210421	0.07845614	0.072241504	0.069117232	0.074592278	0.07691966	0.079077522	0.078559566	0.081951158	0.088971227	0.09545296	0.097408624	0.097354181	0.098099611	0.100395765	0.102477497	0.105673512	0.124681717	0.141826494	0.163242524	0.256535285
20210420	0.076814035	0.073011743	0.069117232	0.074592278	0.07691966	0.080284479	0.078902195	0.082650561	0.088872975	0.095154781	0.09762855	0.097768758	0.098331353	0.100094576	0.102089162	0.105339927	0.123445534	0.139920241	0.160799148	0.252740823
20210419	0.07845614	0.073347483	0.068589619	0.074592278	0.078729534	0.082082175	0.081290724	0.08225453	0.088870174	0.094582739	0.097803963	0.098044856	0.098366433	0.100139936	0.101606187	0.104446377	0.122784816	0.138493936	0.157213979	0.252442108
20210416	0.07845614	0.073737865	0.068589619	0.074592278	0.079634471	0.082378752	0.082747679	0.083746064	0.090465067	0.096611318	0.099487839	0.099244671	0.099500984	0.101062575	0.102684227	0.105675937	0.122842335	0.137282597	0.152470805	0.256236532
20210415	0.076783619	0.073579186	0.068589619	0.076569422	0.080539408	0.082840588	0.083295262	0.085328688	0.092241224	0.097378904	0.099534941	0.098658819	0.099063088	0.100624165	0.102504817	0.105538621	0.121249547	0.133469887	0.150388076	0.242182287
20210414	0.077159971	0.074331673	0.067534395	0.076928904	0.080901383	0.082794953	0.083433575	0.084840487	0.09242904	0.097083017	0.099387244	0.098655468	0.098653801	0.099660155	0.101076374	0.103783606	0.120530987	0.132656962	0.148423586	0.238411113
20210413	0.07845614	0.074608988	0.067534395	0.076928904	0.080720396	0.083659552	0.083842428	0.084805466	0.092216563	0.097074054	0.099525249	0.098491413	0.098181006	0.099148144	0.100712812	0.103609039	0.119503074	0.131519828	0.146210039	0.229764999
20210412	0.07845614	0.074907424	0.067886136	0.078366827	0.080720396	0.083630666	0.084206858	0.086184407	0.09355614	0.099048113	0.101204264	0.100783433	0.100102099	0.101286961	0.102607599	0.105220109	0.12145038	0.132499071	0.146054005	0.245489048
20210409	0.07845614	0.074838059	0.067534395	0.078007346	0.080720396	0.083616535	0.084390376	0.087116164	0.093808706	0.09993737	0.10169019	0.101407671	0.100485783	0.101584528	0.103129698	0.105875057	0.12141391	0.132933898	0.14504231	0.233754903
20210408	0.07845614	0.075220565	0.072810519	0.078726308	0.082349283	0.084049266	0.084572655	0.087024203	0.094034473	0.09959292	0.101208889	0.100896633	0.100249953	0.101170689	0.102344084	0.104771153	0.119784673	0.132421594	0.143620964	0.230996024
20210407	0.078217597	0.076465148	0.072810519	0.078187087	0.082355744	0.084030265	0.084539498	0.087398869	0.094156368	0.099612654	0.101801992	0.101978073	0.101207806	0.101613518	0.102682371	0.105117667	0.120270006	0.132608215	0.143883694	0.231590479
20210406	0.07845614	0.076771568	0.072810519	0.079085788	0.08236007	0.084023821	0.084573238	0.087053381	0.093862713	0.099040212	0.101687996	0.101374149	0.100505457	0.101157636	0.102258689	0.104738911	0.119556611	0.131221055	0.143008759	0.234961683
20210405	0.07845614	0.075676617	0.07087594	0.076389683	0.082168295	0.084209965	0.084937669	0.086605099	0.09411723	0.099296286	0.101399597	0.101331285	0.100739651	0.10099056	0.101962661	0.104434155	0.118470687	0.129520737	0.143285656	0.230709452
20210331	0.07845614	0.076126362	0.07087594	0.07549098	0.08180632	0.084326147	0.084937814	0.086607471	0.093868144	0.099244121	0.101276604	0.100888819	0.100666833	0.101237967	0.10213541	0.104465033	0.119514389	0.130526173	0.142188184	0.233614564
