DATE 	1	7	30	90	180	270	360	720	1080	1440	1800	2160	2520	2880	3240	3600
20220331	6.53774672	6.53774672	6.555483794	6.746278592	6.889753899	6.976922439	7.084810712	7.220726942	7.269199527	7.440238709	7.708521579	8.044547663	8.407624207	8.802795894	9.240754136	9.727322934
20220330	6.540174402	6.557546387	6.58524416	6.77865326	6.928838281	7.009821637	7.118386223	7.239194565	7.287801684	7.433931284	7.674263544	7.998105514	8.348817354	8.739748058	9.173711774	9.655704183
20220329	6.535319039	6.545714635	6.552305337	6.751971654	6.894462067	6.975169727	7.083203605	7.203545629	7.235662268	7.397195331	7.636925135	7.959122445	8.308053475	8.693299122	9.120589127	9.595091676
20220328	6.535707466	6.556543513	6.594871366	6.785546013	6.923179731	7.016997517	7.119137516	7.247816726	7.271949155	7.451080339	7.684140836	8.022239487	8.389854241	8.772693362	9.195234075	9.664352514
20220325	6.542116546	6.557017399	6.571432087	6.760305449	6.904342238	6.990519825	7.092377848	7.212570793	7.244444195	7.431364419	7.681875475	8.015796648	8.377555277	8.751936368	9.164859548	9.623172381
20220324	6.539688866	6.54845803	6.583718881	6.772945384	6.917251483	7.003590198	7.105638669	7.226056342	7.257989339	7.445210236	7.705096968	8.054898599	8.434284503	8.823941085	9.253592285	9.730747753
20220323	6.535319038	6.553831501	6.578453495	6.767528663	6.911719351	6.997989017	7.099955873	7.220399494	7.236050972	7.431731237	7.681637668	8.029912211	8.408196185	8.796477951	9.224566737	9.69996103
20220322	6.531434747	6.54631127	6.560702422	6.749267396	6.894931944	6.992948986	7.088359304	7.216428473	7.232205259	7.43539627	7.695626492	8.044929628	8.42381806	8.813185668	9.242562506	9.719436073
20220318	6.533862429	6.548744481	6.563140983	6.751776045	6.897494734	6.995548209	7.090952528	7.226745704	7.266910771	7.47156319	7.733057432	8.093623606	8.485439927	8.87140939	9.29542781	9.766276283
20220317	6.533085572	6.555231511	6.590108469	6.779712315	6.934190677	7.039231817	7.134979921	7.311189409	7.360658297	7.551170271	7.815210332	8.169973758	8.554973003	8.943979569	9.372344341	9.848068552
20220316	6.530949212	6.530951512	6.548739893	6.739712319	6.892769787	6.996033239	7.084899221	7.25968446	7.316862772	7.506421582	7.759935011	8.097290983	8.462985706	8.853919567	9.286519746	9.767060684
20220315	6.526579384	6.53704702	6.543501295	6.73698121	6.874287423	6.973045025	7.068122279	7.203219692	7.267654162	7.439006467	7.689254445	8.033139629	8.406386964	8.787201777	9.20680113	9.672669993
20220314	6.528035994	6.535706985	6.529794567	6.717277884	6.852790956	6.934173026	7.010709525	7.120374857	7.167607737	7.35275625	7.582443382	7.949260019	8.35011233	8.715011945	9.112681399	9.553880199
20220311	6.526579384	6.537839196	6.542052559	6.729887828	6.865655291	6.948472093	7.030943088	7.133699588	7.180954376	7.366278593	7.631961852	7.99315004	8.385237013	8.766013821	9.183707172	9.647434054
20220310	6.528035993	6.542882724	6.55716884	6.738645218	6.879554385	6.94324837	7.032357298	7.119447373	7.174451822	7.359799062	7.607319111	7.976131786	8.37810518	8.759088799	9.176047336	9.638928787
20220309	6.531920285	6.540679032	6.575897996	6.764899714	6.90634924	6.968187319	7.044656066	7.155014191	7.218351992	7.438946128	7.672371045	8.067280227	8.500374431	8.901001392	9.338656619	9.824872946
20220308	6.531920284	6.54580045	6.563079039	6.760912393	6.903563711	6.980857797	7.070106353	7.173340514	7.260962364	7.500159885	7.772241678	8.187981961	8.642897751	9.075749266	9.550381956	10.07847525
20220307	6.529201282	6.546599162	6.574158511	6.762663324	6.891999582	6.975118463	7.057627554	7.207450721	7.312029452	7.553016971	7.827091999	8.245452661	8.703384467	9.147623029	9.635821311	10.17932118
20220304	6.523180631	6.541671675	6.566233959	6.744195223	6.88156931	6.969269788	7.046127865	7.218423153	7.315128815	7.564417344	7.857231872	8.287617794	8.758355193	9.210474829	9.707022259	10.26002649
20220303	6.109212353	6.126548252	6.149620711	6.321426933	6.470424789	6.553855066	6.631220721	6.801468666	6.92310226	7.151424435	7.445025412	7.862463013	8.318867914	8.750075327	9.223083595	9.750067643
20220302	6.100764022	6.108968817	6.142023524	6.318866265	6.467795666	6.553349326	6.642535653	6.813296723	6.934994532	7.171766653	7.458025782	7.875673037	8.332871836	8.772414625	9.255521423	9.794010882
20220301	6.093480975	6.109746352	6.135717688	6.314805742	6.456406174	6.542988639	6.638077543	6.779542318	6.870324752	7.080625219	7.354095475	7.757153225	8.197981541	8.621296381	9.086202844	9.603965984
20220228	6.081342567	6.097506434	6.123407376	6.304802488	6.445295036	6.523494256	6.606516935	6.769045017	6.874898282	7.101541691	7.36791066	7.775547546	8.222324292	8.63323397	9.082498475	9.582539466
20220225	6.078914886	6.095060236	6.12101413	6.302724316	6.430521081	6.515494309	6.598469252	6.731210176	6.859392446	7.038334938	7.300568514	7.700526812	8.138392792	8.536758877	8.971638367	9.45535756
20220224	6.071437627	6.087518716	6.113691234	6.300308253	6.427392059	6.503716757	6.575497993	6.721762141	6.811906654	7.020416338	7.274670822	7.66371501	8.089504601	8.469939204	8.884257011	9.344700222
20220223	6.067941765	6.073699547	6.097821558	6.280904133	6.407600544	6.484886681	6.56173832	6.679272597	6.761128834	6.968001459	7.220315327	7.597599155	8.00986552	8.392401167	8.810594705	9.275438818
20220222	6.061921114	6.075771872	6.089243008	6.263304142	6.362606053	6.432944387	6.509121893	6.610532395	6.698832665	6.919277513	7.219940782	7.594783748	8.001116803	8.385927923	8.807473416	9.276111958
20220221	6.05706575	6.069977302	6.086122565	6.268230237	6.367597013	6.436915569	6.507315549	6.601224941	6.68949639	6.89418595	7.143382208	7.50789136	7.905442092	8.277523703	8.684464778	9.136573868
20220218	6.057065751	6.073197932	6.09922083	6.279903704	6.378801595	6.446208395	6.540289126	6.628162202	6.694040901	6.906389475	7.156415108	7.521624463	7.919935094	8.292717152	8.700425282	9.153381737
20220217	6.05463807	6.064447694	6.070491115	6.24671496	6.370401551	6.427435079	6.497690851	6.61346244	6.68718661	6.867937934	7.115553563	7.461008854	7.836617856	8.200204146	8.599017989	9.04194822
20220216	6.049782706	6.049320315	6.05239956	6.22451621	6.347982449	6.404603473	6.474611028	6.589972794	6.663435175	6.843544573	7.090280791	7.434510362	7.808785353	8.171080331	8.568477748	9.009833763
20220215	6.049782705	6.059487876	6.06571737	6.247851121	6.357434693	6.40857	6.478574959	6.601188083	6.682209269	6.878589974	7.135376813	7.481956548	7.858378609	8.223266503	8.623595309	9.068260198
20220214	6.051239315	6.064108632	6.080389628	6.265878429	6.375774206	6.427055686	6.497338353	6.605597216	6.701710614	6.883317245	7.123085681	7.468448921	7.844459163	8.215452319	8.623179063	9.076157717
20220211	6.055803356	6.065488002	6.071868252	6.256835137	6.348789934	6.411582948	6.481674478	6.582606759	6.63346003	6.804478092	7.032939582	7.369494601	7.735933058	8.104036944	8.509156865	8.959173087
20220210	6.060464506	6.077681408	6.100650404	6.275218604	6.379464001	6.436892244	6.507234305	6.623233681	6.681980153	6.870204033	7.101513468	7.454540005	7.839868958	8.211147263	8.618283954	9.070581816
20220209	6.059007897	6.059419205	6.074369703	6.248338513	6.358752255	6.415874422	6.485978672	6.60159059	6.660140771	6.84761354	7.102961875	7.466074848	7.861531716	8.238324573	8.651168999	9.109951884
20220208	6.056288892	6.073519409	6.096540758	6.270964792	6.376260376	6.439342322	6.509766642	6.611048421	6.68434951	6.904611129	7.104847179	7.465200174	7.861081486	8.234263636	8.642667118	9.09639969
20220204	6.053666997	6.06754138	6.081110271	6.255245762	6.367458866	6.435713823	6.500477093	6.615585824	6.704074884	6.924909986	7.175795085	7.537214314	7.931202184	8.311516689	8.728792321	9.192581217
20220203	6.04784056	6.063908443	6.090116919	6.276517305	6.407834972	6.472345941	6.549119991	6.680673717	6.784794451	7.055875243	7.347002672	7.726919887	8.140097603	8.547477858	8.99578693	9.494758207
20220202	6.041043052	6.051536825	6.055626504	6.229572332	6.361314308	6.432411195	6.514378171	6.637833337	6.76395249	7.002869834	7.307475742	7.672692548	8.067945768	8.474013402	8.922531497	9.421786465
20220201	6.044927343	6.049775893	6.124918538	6.300854756	6.4341042	6.50601462	6.588997219	6.699033443	6.8414152	7.09138426	7.391542969	7.760471399	8.160247685	8.570964267	9.024612424	9.529579174
20220131	6.044927342	6.064308488	6.100332575	6.28030521	6.412762721	6.483359573	6.560088496	6.684254372	6.811140772	7.075483774	7.400852404	7.76212935	8.151540533	8.550333322	8.990553958	9.480318345
20220128	6.047355024	6.067984557	6.100572274	6.265948042	6.396774124	6.453771404	6.524346701	6.625393809	6.758788922	7.037405466	7.353031066	7.711465571	8.098192604	8.490087876	8.922175747	9.402722549
20220127	6.052210386	6.072873814	6.105555952	6.2740601	6.381814345	6.416700602	6.498737021	6.584570841	6.710109207	6.947466236	7.232852623	7.575729054	7.946143796	8.321373625	8.734787384	9.194166194
20220126	6.057065751	6.070963263	6.084475608	6.235703873	6.340034744	6.3957073	6.459952906	6.551978464	6.647234723	6.842672102	7.106057724	7.442685557	7.807074835	8.181839073	8.595236128	9.054591962
20220125	6.05221039	6.058538002	6.080541386	6.24082386	6.350671696	6.401447412	6.471323273	6.556914408	6.621856335	6.8553886	7.112316012	7.44867685	7.813283896	8.181272634	8.586456172	9.036531364
20220124	6.045509984	6.056004794	6.059948562	6.20569907	6.328011069	6.379996412	6.461503329	6.561787136	6.664183441	6.915189599	7.199901849	7.541153284	7.90989471	8.283824285	8.695884944	9.153812065
20220121	6.021815813	6.035628745	6.049046535	6.199826273	6.322015883	6.372008757	6.441633965	6.526866562	6.613976957	6.839748209	7.087654591	7.400192627	7.738076885	8.097363683	8.494672953	8.93590571
20220120	5.587260797	5.600106784	5.612679152	5.761588768	5.87513024	5.921584312	5.98628535	6.065490419	6.146807842	6.305697075	6.547894004	6.833579841	7.141151374	7.468756815	7.830990626	8.233140096
20220119	5.578812462	5.594742826	5.616091511	5.773424107	5.872526297	5.903726151	5.973695313	6.052896869	6.10634166	6.263615952	6.489004046	6.755104236	7.041242742	7.355796761	7.704328955	8.091022194
20220118	5.578812464	5.580825164	5.61676964	5.770352084	5.860672188	5.912284024	5.971720123	6.03033806	6.083262685	6.261716087	6.472401968	6.745135136	7.039852016	7.354931619	7.703256941	8.089719594
20220117	5.575899244	5.588679774	5.601039655	5.730304073	5.823962231	5.857230414	5.910823363	5.929143283	5.945713996	6.097987442	6.301998535	6.575838827	6.871952415	7.181739095	7.523461624	7.902459615
20220114	5.575413708	5.588212198	5.600648055	5.73529953	5.823717438	5.861668644	5.909623853	5.940233063	5.97846907	6.131979483	6.337120453	6.612381079	6.910096665	7.218753955	7.55898351	7.936317104
20220113	5.572986027	5.582698141	5.586468251	5.726393224	5.814543736	5.852431487	5.900311113	5.93097406	5.955308911	6.122288874	6.327593047	6.606428865	6.90826814	7.226630744	7.578151362	7.968181414
20220112	5.572014955	5.587942503	5.609247933	5.752053124	5.845752622	5.875184862	5.906899246	5.943786732	5.974833543	6.178410785	6.401918924	6.688458635	6.998099783	7.318039108	7.670727237	8.062078099
20220111	5.570558346	5.571758388	5.596657416	5.740734748	5.83421206	5.865560035	5.908153406	5.965174267	6.02421196	6.222339494	6.477700409	6.777096912	7.099566272	7.419353322	7.770678466	8.16055409
20220110	5.568130663	5.580926912	5.593438125	5.738719617	5.826203397	5.855647145	5.887260979	5.937319312	5.975618684	6.143280367	6.36423886	6.690083451	7.044885764	7.338811332	7.655815639	8.007166324
20220107	5.56715959	5.583056679	5.604303358	5.748273091	5.83594029	5.865433248	5.897101144	5.934091628	5.944703792	6.110923643	6.345903564	6.671759897	7.025587246	7.318245281	7.633805938	7.983528061
20220106	5.567159591	5.583044314	5.604245462	5.745150833	5.83364153	5.867763611	5.893974368	5.924290535	5.927827704	6.107656399	6.373325416	6.693572578	7.039068093	7.338036667	7.662007855	8.021155595
20220105	5.566091411	5.588208563	5.626911653	5.755059354	5.86599828	5.880882937	5.902290248	5.919270236	5.89463589	6.044472423	6.276592776	6.599618412	6.95012405	7.244860127	7.563194039	7.915978183
20220104	5.564052159	5.567697124	5.625652971	5.754714593	5.841105527	5.855244768	5.86480523	5.886809001	5.939077556	5.983913262	6.179908226	6.485543378	6.817935413	7.098974244	7.402576057	7.738832511
20220103	5.562012906	5.584155195	5.623040183	5.767747929	5.819570064	5.847270005	5.868012658	5.877230279	5.941291529	6.065223809	6.281582216	6.604041772	6.954838736	7.268808585	7.610225025	7.988877057
20211231	5.562304227	5.575102369	5.587661776	5.737321161	5.825475895	5.861517192	5.898612748	5.935664676	5.973896563	6.134253045	6.377474119	6.680548289	7.007765263	7.329639517	7.682969805	8.075076212
20211230	5.560556297	5.579557582	5.609592752	5.754948871	5.835078811	5.857290934	5.910758878	5.941275514	5.965584744	6.132564043	6.383604832	6.679180377	6.997265102	7.311325892	7.656107237	8.038573771
20211229	5.556963329	5.575939481	5.605905	5.74775334	5.821061847	5.836642965	5.884686528	5.895283592	5.945594901	6.098214282	6.332157868	6.612587403	6.91432428	7.219974983	7.556191793	7.929012452
20211228	5.556477791	5.559295892	5.606050305	5.743249385	5.820603958	5.864322577	5.912235436	5.949682015	5.967292723	6.134470742	6.340253428	6.607502906	6.896055674	7.190760509	7.515101405	7.874608598
20211227	5.555992255	5.578083798	5.616829097	5.757011829	5.831363391	5.890951835	5.933195277	5.957505243	5.96790655	6.163669972	6.40175551	6.689131103	6.998763718	7.299655686	7.629421756	7.995034012
20211224	5.556963329	5.569739659	5.582243851	5.728702115	5.818389949	5.871483158	5.940975647	6.026523382	6.059100228	6.214682614	6.445892057	6.730985558	7.038502889	7.364250973	7.724220855	8.123826324
20211223	5.556963328	5.569728967	5.582193564	5.725595315	5.815306169	5.866436218	5.925327701	6.00344915	6.028912524	6.183593406	6.398447665	6.680794421	6.986146689	7.299546777	7.644811846	8.027858869
20211222	5.55550672	5.568226115	5.580505572	5.710125783	5.793953338	5.846004766	5.909959708	5.948101495	5.972620568	6.154567014	6.346562162	6.637560203	6.954328391	7.279639444	7.638134526	8.03607091
20211221	5.553564573	5.559402344	5.57978145	5.721730667	5.810364247	5.856754395	5.920616357	5.971608703	6.010008641	6.192830018	6.461987376	6.73700061	7.030562795	7.363921424	7.734420151	8.145852614
20211220	5.553564573	5.566392703	5.579022255	5.718770005	5.800615084	5.841426735	5.905143308	5.942154153	6.007627082	6.205368864	6.459984965	6.758559665	7.080109681	7.398815233	7.74892109	8.137420318
20211217	5.553079039	5.565932152	5.578667726	5.727410671	5.827978853	5.870317003	5.912782103	5.989695043	6.069418196	6.327423921	6.558018315	6.859114899	7.185437469	7.526152005	7.902414847	8.320411219
20211216	5.5525935	5.568542241	5.589984555	5.734114681	5.834914398	5.879283097	5.932764197	5.996762971	6.076460985	6.334727381	6.580970248	6.88382509	7.211169934	7.562933183	7.952474834	8.385467302
20211215	5.551136893	5.567068565	5.588516849	5.741769299	5.842590517	5.890107462	5.959932818	6.018260702	6.112171784	6.342650239	6.619120613	6.917022994	7.236711815	7.582897818	7.966467754	8.392730194
20211214	5.552107965	5.553309489	5.578243683	5.725210387	5.825882281	5.874162013	5.94918004	6.027733385	6.121509103	6.395981701	6.62985353	6.925813701	7.246229569	7.612906994	8.021274049	8.475632285
20211213	5.549680284	5.565607775	5.587050432	5.740262668	5.841057431	5.889461669	5.964531311	6.069916702	6.206290799	6.45490161	6.767272401	7.098160078	7.453784548	7.840853313	8.270628161	8.749332082
20211210	5.549680284	5.565614523	5.587085094	5.74144952	5.831029613	5.885052057	5.960069137	6.059073133	6.125384807	6.443217484	6.711191178	7.02864185	7.371769659	7.759886621	8.19212138	8.673591121
20211209	5.549680283	5.565573369	5.58687921	5.731010141	5.831055973	5.874714646	5.955294986	6.020576509	6.11439583	6.359309366	6.652251252	6.968835187	7.309059679	7.700018697	8.135975125	8.621676666
20211208	5.550360033	5.560057176	5.563948474	5.71846686	5.806203352	5.848100459	5.917323027	5.995230159	6.088465351	6.375739339	6.670504748	7.020812696	7.400056103	7.81243223	8.270732339	8.781991642
20211207	5.548709211	5.554531375	5.574781593	5.709614172	5.803410037	5.845924345	5.920504042	5.998311418	6.091713986	6.364741225	6.658601021	7.008488874	7.387185802	7.785312784	8.226247335	8.717666099
20211206	5.548223674	5.557960506	5.561925263	5.708387888	5.807068747	5.84219908	5.905853868	5.969739338	6.062738855	6.33477391	6.627343129	6.967393858	7.334754085	7.748855752	8.210361025	8.725214088
20211203	5.546961281	5.556705087	5.560712512	5.709311798	5.787788382	5.842854623	5.895605756	5.98563933	6.065124875	6.351357843	6.66046312	7.019404395	7.407606183	7.81407467	8.264242189	8.766189324
20211202	5.546767065	5.559569935	5.572143128	5.709007561	5.799538342	5.852978804	5.894828591	5.984509265	6.105515067	6.379290943	6.704330196	7.091255202	7.510893511	7.939075832	8.412696066	8.941457214
20211201	5.544824919	5.566995031	5.606002333	5.748081208	5.849185329	5.891680016	5.934300901	6.024613319	6.146126773	6.465443756	6.834868499	7.260064623	7.721540089	8.178569343	8.683377158	9.247821768
20211130	5.54482492	5.546847106	5.582949148	5.729273278	5.819909346	5.87713652	5.941113851	6.018675957	6.153523686	6.495057236	6.866309526	7.30135716	7.774433006	8.246164204	8.767940889	9.351954619
20211129	5.535114193	5.55100033	5.572330721	5.712600938	5.807914029	5.859781127	5.92354778	6.007509506	6.155831325	6.511942332	6.891986443	7.332734052	7.812070601	8.290245117	8.819389768	9.411942655
20211126	5.097257528	5.100534783	5.088172918	5.215900844	5.309855732	5.368320531	5.431644252	5.514931629	5.676247599	5.9838513	6.34628537	6.752397902	7.193433283	7.634253402	8.122284786	8.668965172
20211125	5.086672836	5.089944301	5.077614411	5.206059038	5.303817557	5.351878696	5.415173364	5.492235168	5.627866752	5.919782024	6.264449397	6.657690414	7.084669183	7.523959832	8.011488529	8.557606442
20211124	5.087352586	5.085038674	5.057006734	5.196788336	5.310086554	5.352775838	5.416266277	5.469129235	5.597821305	5.895110602	6.231653249	6.626553216	7.055989294	7.487401842	7.9649967	8.499699262
20211123	5.0861873	5.083778173	5.05649722	5.190452957	5.295084294	5.35565368	5.404200334	5.486790114	5.603491097	5.887428364	6.230338942	6.629531363	7.063491269	7.495650082	7.973691902	8.508895884
20211122	5.084730691	5.085201551	5.064910085	5.17546962	5.242728384	5.305585116	5.367958883	5.443812749	5.578423791	5.894795239	6.238848129	6.630345579	7.055392504	7.511527615	8.02003471	8.590400032
20211119	5.088420766	5.088887565	5.068468564	5.15944964	5.250800613	5.293181221	5.355581925	5.431239919	5.553212286	5.854966094	6.225008607	6.624941176	7.058031332	7.508446404	8.009085698	8.570364459
20211118	5.083565403	5.084033734	5.063623456	5.150596107	5.23494916	5.267936302	5.334911588	5.416136858	5.550375926	5.865474	6.222014325	6.659750135	7.13801486	7.603274564	8.11771056	8.694965484
20211117	5.085701763	5.086174366	5.065786412	5.15625327	5.231177657	5.274346097	5.341378813	5.422484023	5.581934926	5.91201922	6.285408516	6.727377655	7.209673609	7.692733877	8.228808059	8.831122312
20211116	5.081137723	5.081808645	5.072625665	5.172916732	5.268333086	5.301534637	5.368953766	5.463027994	5.623137847	5.968265357	6.345069312	6.76693186	7.225616307	7.714587245	8.260394696	8.873992598
20211112	5.075796823	5.076284433	5.056223333	5.200834712	5.291604045	5.3353685	5.403067762	5.547058477	5.708846412	6.043759756	6.452696047	6.89001997	7.364956904	7.838818285	8.364337542	8.954405813
20211111	5.080166649	5.091918817	5.103547907	5.237307358	5.318344297	5.362451686	5.430588945	5.550728327	5.700247716	6.035672021	6.401745544	6.818848238	7.272602413	7.72559319	8.227319662	8.789732132
20211110	5.079681113	5.094260127	5.113835439	5.242247472	5.323492607	5.367643842	5.435914589	5.543933798	5.680809959	5.988435907	6.365817009	6.789758437	7.250564826	7.696071911	8.187825732	8.738716724
20211109	5.076282358	5.079566239	5.067334641	5.200424314	5.286282888	5.331659436	5.409330599	5.541362514	5.703135939	6.024576258	6.432220482	6.860638575	7.32508393	7.7696343	8.259971532	8.809340339
20211108	5.076282359	5.076959085	5.067971421	5.198289411	5.284178198	5.329537806	5.407178083	5.539159746	5.700773232	6.035467117	6.444034835	6.880906995	7.355291147	7.808960027	8.309554917	8.870767904
20211105	5.081137722	5.078808688	5.050607277	5.15238293	5.21510068	5.250890169	5.332314867	5.462448047	5.62228837	5.94635877	6.334981482	6.772178804	7.248202462	7.695459051	8.188046558	8.740159885
20211104	5.083565404	5.084029919	5.063756458	5.179960589	5.237967052	5.27900499	5.360756081	5.509877373	5.671105426	5.977519389	6.381835717	6.822923602	7.302386799	7.769213816	8.285575219	8.865080863
20211103	5.083565403	5.084032306	5.063794887	5.186920674	5.244925153	5.285244303	5.362282481	5.480811126	5.647732534	5.953557065	6.342425688	6.76491308	7.223474807	7.667579284	8.157968852	8.707454776
20211101	5.085993086	5.086472304	5.066256011	5.18935352	5.247951002	5.29326489	5.370419891	5.483133659	5.625012977	5.929926799	6.289398122	6.72344022	7.197281644	7.640683725	8.128601432	8.675191771
20211029	5.085313336	5.085984809	5.076873118	5.191880684	5.253956739	5.316061823	5.373422839	5.491938647	5.640463473	5.93287078	6.277814724	6.726293094	7.21795155	7.667214402	8.160543523	8.713372961
20211028	5.084730691	5.085212552	5.06507503	5.202771603	5.27297676	5.321885926	5.389509674	5.502375324	5.676254864	5.970384553	6.331272096	6.791319166	7.295686784	7.754152336	8.257584527	8.822080965
20211027	5.082108794	5.077262636	5.040734154	5.172642911	5.243818677	5.29533825	5.352668548	5.470559276	5.655787375	5.988531262	6.393870163	6.850964335	7.349365597	7.804597071	8.304752886	8.865552886
20211026	5.077738968	5.078226765	5.058157989	5.202522514	5.28282728	5.333331871	5.410866863	5.573113495	5.798828599	6.138430932	6.551975086	7.026794922	7.54583795	8.002298599	8.501838752	9.061794656
20211025	5.078710041	5.08157508	5.070607913	5.225896204	5.318814616	5.374813549	5.452572183	5.634602942	5.848990702	6.204227609	6.607600421	7.053208739	7.538642386	8.005441485	8.521172155	9.099822856
20211022	5.068999313	5.066595336	5.03935238	5.166616088	5.243196999	5.300109187	5.386627968	5.542383395	5.741308781	6.07744722	6.473068865	6.894590857	7.352139044	7.798748127	8.292455474	8.845842906
20211021	4.856334399	4.856776786	4.837373768	4.943461287	5.030710521	5.072248578	5.136384729	5.307885376	5.511093483	5.80841545	6.158477402	6.573835674	7.027420362	7.449144029	7.912969735	8.432535858
20211020	4.854100932	4.854543115	4.835123682	4.936123044	5.028507408	5.069933778	5.13403521	5.305631709	5.484777728	5.754819934	6.156266634	6.536707873	6.945867623	7.389624444	7.885163163	8.441391528
20211019	4.852935645	4.856069959	4.844303034	4.958746644	5.051242982	5.095196563	5.17403389	5.329515634	5.509309827	5.780838924	6.142881927	6.543437212	6.978631481	7.389519438	7.841798747	8.348010107
20211018	4.850507964	4.85096134	4.831610801	4.937462694	5.024521542	5.069044696	5.152502591	5.254945734	5.420905651	5.676221198	6.018830744	6.419207117	6.855196748	7.252381549	7.687720215	8.174504986
20211015	4.845846816	4.844784386	4.837951327	4.955724417	5.058390648	5.10273891	5.1867706	5.284162616	5.444766084	5.713902495	6.059170445	6.439591136	6.852097359	7.259289448	7.709251097	8.212782076
20211014	4.831474939	4.834604498	4.822886871	4.932515349	5.033664753	5.066254162	5.140166657	5.242070207	5.419800842	5.688121885	6.004515805	6.387800517	6.805550037	7.204476256	7.643779103	8.135121138
20211013	4.857499687	4.866046204	4.869613873	5.005888317	5.093635516	5.134191148	5.190008351	5.274844366	5.472373676	5.71796069	6.048945112	6.465992807	6.922083162	7.318199541	7.750115974	8.232847624
20211012	4.855751758	4.855295646	4.84753628	4.980821853	5.074100794	5.121641722	5.191373062	5.341511524	5.503305577	5.787308372	6.136501535	6.558722678	7.020178315	7.435517767	7.890611257	8.400040819
20211011	4.852935646	4.856106532	4.867326162	5.028479229	5.105586818	5.146503706	5.202247722	5.340690098	5.50895385	5.793561812	6.170879092	6.600512993	7.06873374	7.496379416	7.96590303	8.491880201
20211008	4.851673252	4.857571465	4.853194105	4.880698648	4.917589512	4.931274026	4.955801357	5.121218958	5.322550216	5.677312149	6.077928477	6.529222811	7.021184458	7.455511617	7.930801726	8.463404584
20211007	4.850507965	4.856404761	4.85210444	4.895822624	4.932036358	4.947348628	5.004567019	5.154820639	5.344374244	5.686990868	6.087881496	6.524738276	6.999714547	7.450212664	7.947198187	8.504872758
20211006	4.850507964	4.853698938	4.84171961	4.873647827	4.901169316	4.96034722	5.022299704	5.16134321	5.332531133	5.661382823	6.046742593	6.480554324	6.952897321	7.400331328	7.893803076	8.447447228
20211005	4.850507964	4.853707173	4.841700233	4.862997763	4.892002123	4.932069838	4.993918263	5.120558698	5.27909924	5.605714637	6.001993952	6.441496926	6.919613182	7.364990991	7.855296903	8.405259617
20211004	4.848080283	4.853244488	4.871022109	4.896501489	4.90014442	4.943955891	4.996184698	5.14045209	5.293688593	5.634070159	6.046515822	6.482035903	6.954418554	7.401348294	7.894099575	8.446804602
20211001	4.846817887	4.883307421	4.965049354	4.967422882	5.00071913	5.057496441	5.101668032	5.22389931	5.417072364	5.765656477	6.215424304	6.671504034	7.165418866	7.633073756	8.149044933	8.728258097
20210930	4.838369556	4.855167136	4.881488035	4.891922989	4.918563617	4.965897839	5.018508494	5.139533629	5.31694004	5.684735538	6.114657847	6.554733275	7.031505542	7.493025344	8.003379672	8.576425768
20210929	4.838369556	4.849606333	4.860155888	4.846988451	4.87394099	4.92085555	4.973116777	5.069538001	5.257002325	5.608355788	6.060056655	6.489990253	6.953459313	7.39976921	7.892773502	8.445891882
20210928	4.843224919	4.85174632	4.854799906	4.880678749	4.926107882	4.966553232	5.029068136	5.150644446	5.345176105	5.712875604	6.136045076	6.591328569	7.086870553	7.532404662	8.021268797	8.569632942
20210927	4.841282774	4.844894215	4.853437319	4.877763346	4.951764291	4.97426171	5.046692395	5.133913872	5.32178896	5.688364579	6.117066246	6.571512113	7.065663372	7.509705471	7.996875557	8.543296444
20210924	4.836524517	4.845041061	4.848222955	4.89757911	4.932511588	4.969890679	5.014101399	5.122979983	5.310933578	5.677076946	6.091327579	6.566314338	7.085576388	7.532699706	8.021111588	8.568966478
20210923	4.841476987	4.850002252	4.853036197	4.871069532	4.922343328	4.962424137	4.996894471	5.081751597	5.293178375	5.659225894	6.072538121	6.531229632	7.031236112	7.473245231	7.957273042	8.500045554
20210922	4.838369556	4.846862013	4.850024025	4.911483562	4.957060815	4.998061817	5.061392831	5.137001496	5.361063597	5.704177143	6.132536306	6.618289035	7.149452254	7.595604549	8.081639	8.626757387
20210921	4.841962524	4.853173043	4.863889874	4.90610369	4.953971847	4.998955262	5.033617707	5.096080551	5.31964386	5.699930275	6.129660259	6.592423454	7.096325993	7.555366369	8.060075133	8.626770155
20210920	4.840797238	4.841954159	4.864296644	4.981023148	5.06102052	5.122605225	5.187420427	5.30131459	5.559263085	5.91137476	6.358566036	6.835979764	7.356657985	7.816256545	8.320009915	8.885536819
20210917	4.838369555	4.846860632	4.850268203	4.967259366	5.057287797	5.117025141	5.172999295	5.286213212	5.506882243	5.875195694	6.313880875	6.787935072	7.305226186	7.761301259	8.261069308	8.822039291
20210915	4.843224919	4.851724516	4.855235455	4.994431723	5.094879854	5.156982585	5.222398717	5.337712169	5.553552602	5.891809992	6.302916388	6.767676286	7.27569554	7.716783508	8.198936657	8.739513522
20210914	4.840797239	4.844045499	4.854450003	4.998497724	5.111824515	5.19351065	5.287390694	5.440380561	5.645760919	5.987336811	6.403708534	6.851498015	7.339498586	7.777681997	8.258331068	8.797172066
20210913	4.838369555	4.848724384	4.861940156	5.012535969	5.146916526	5.234796826	5.362215341	5.541566561	5.743064267	6.069298925	6.48996249	6.920112079	7.3871515	7.808280273	8.269980145	8.786892133
20210910	4.821375784	4.829080103	4.834605226	4.990845919	5.124494418	5.210277065	5.327731435	5.505864367	5.700071597	6.043455161	6.455981425	6.875770589	7.331238507	7.75772357	8.227272615	8.753328429
20210909	4.61405177	4.623873082	4.636755249	4.786388078	4.912568582	4.981606639	5.098637428	5.27495063	5.4496054	5.759497721	6.132539769	6.552931975	7.012047515	7.418437949	7.863228479	8.361367192
20210908	4.611624088	4.623797246	4.644542028	4.800501447	4.909614752	4.995207696	5.098772023	5.274700814	5.472687478	5.802430171	6.218484984	6.623580022	7.061993037	7.482027827	7.945792353	8.465820186
20210907	4.611332766	4.617023814	4.644903082	4.799045577	4.908165605	4.992913009	5.091903642	5.273091141	5.482932819	5.788507795	6.189515605	6.599783336	7.045179784	7.458661548	7.913611021	8.423455061
20210906	4.61016748	4.619898172	4.63293847	4.78701804	4.895864586	4.980399593	5.079171646	5.254249149	5.469070569	5.798829205	6.187590554	6.596820639	7.041953709	7.45240082	7.903650769	8.409253666
20210903	4.609196407	4.614054617	4.611940407	4.765249817	4.873613557	4.961027568	5.077279004	5.252300692	5.48976647	5.820379666	6.209963628	6.605594601	7.034817986	7.453226659	7.916003972	8.434997805
20210902	4.61016748	4.61735064	4.623099198	4.78593519	4.903179636	4.982414929	5.103581486	5.301953235	5.546695162	5.879943423	6.286370172	6.687201832	7.121538939	7.552094693	8.029373425	8.565089631
20210901	4.61016748	4.607794153	4.584496167	4.751771019	4.868059325	4.94428883	5.05129418	5.231030918	5.450211003	5.766056639	6.152026986	6.544249563	6.969663038	7.389891275	7.855370626	8.37759352
20210831	4.60725426	4.607118242	4.590525331	4.757833512	4.874270184	4.951409368	5.06304615	5.237671223	5.457167445	5.761209841	6.133405021	6.524062763	6.94845888	7.361208052	7.817519424	8.32912424
20210830	4.606768724	4.604230284	4.580182841	4.747327203	4.863506758	4.94290949	5.067668117	5.242549657	5.467629376	5.772043124	6.144644287	6.550478186	6.992807624	7.409978398	7.869949611	8.385792316
20210827	4.607739797	4.612559025	4.610608306	4.767953611	4.881894379	4.97073537	5.069341061	5.221926113	5.401069523	5.67800518	6.032226781	6.431359484	6.86650583	7.274216275	7.723142873	8.226195838
20210826	4.607739798	4.610069437	4.600859897	4.764377372	4.87610279	4.950096395	5.044173077	5.17390396	5.317438297	5.578352003	5.914022017	6.313002678	6.748887503	7.14308532	7.575256335	8.059030798
20210825	4.607739797	4.6080322	4.601349841	4.759539145	4.871276716	4.945200185	5.039126202	5.179789336	5.334972753	5.596669644	5.933154738	6.333159287	6.770274684	7.166039974	7.600032506	8.085910919
20210824	4.605312116	4.610068252	4.608377789	4.771647342	4.882889769	4.949887113	5.030653684	5.154143853	5.303317516	5.551606375	5.89864958	6.29028643	6.716664209	7.102063368	7.524345988	7.99672571
20210823	4.607739798	4.610108478	4.600638491	4.759323414	4.876005987	4.945859361	5.017613581	5.140463195	5.32357608	5.5851243	5.946861352	6.355898117	6.802034336	7.194559936	7.623667834	8.103930688
20210820	4.607254262	4.614527325	4.619826378	4.772554547	4.889709637	4.961391414	5.042242189	5.176858883	5.383796841	5.684972689	6.0532197	6.461135385	6.905828074	7.328609902	7.795215536	8.318710871
20210819	4.611138551	4.618370535	4.62389743	4.781754761	4.89769558	4.96509282	5.072837879	5.231117033	5.439193971	5.767324846	6.154141968	6.575971673	7.036100082	7.468611932	7.945678168	8.481205541
20210818	4.60977905	4.614142545	4.633048093	4.782665455	4.908741213	4.976109291	5.084143647	5.231463237	5.451434144	5.76827024	6.134966779	6.536525641	6.973973935	7.412723896	7.89981912	8.446981929
20210817	4.606380295	4.616252106	4.62850996	4.766627086	4.887603452	4.953949832	5.057096599	5.198100045	5.399717312	5.701555799	6.057599591	6.457944821	6.894536328	7.322025831	7.795279191	8.326465241
20210816	4.605312116	4.612749655	4.61745738	4.755457287	4.876150164	4.940713483	5.034705526	5.169321383	5.376097807	5.652365746	6.011418468	6.427530034	6.882362908	7.292534154	7.742520567	8.246823996
20210813	4.608225335	4.618056623	4.630549262	4.773710752	4.894746786	4.959553252	5.053874232	5.194721366	5.385033332	5.661550837	6.028058519	6.427553828	6.862257757	7.281317174	7.744303973	8.263592861
20210812	4.612789375	4.622659541	4.635013038	4.775018789	4.896829472	4.967135876	5.066032597	5.201746486	5.386361761	5.66287652	6.029461394	6.450919688	6.911482913	7.341610822	7.815655748	8.34772692
20210811	4.611624088	4.616041911	4.634485806	4.772965241	4.898392488	4.960971085	5.068852432	5.199049593	5.406447567	5.720969385	6.104895947	6.523850377	6.98060718	7.415078536	7.894910746	8.433672954
20210810	4.613566233	4.623453443	4.63573042	4.77377724	4.88998288	4.955622845	5.054502248	5.16726703	5.385605801	5.699593702	6.069041299	6.492495058	6.955436161	7.388577392	7.866122735	8.402236816
20210809	4.612595161	4.62476409	4.645236439	4.797802952	4.904316702	4.967050677	5.048110066	5.183095336	5.355774992	5.673985722	6.062563932	6.472171585	6.91741301	7.352411211	7.834025564	8.374829005
20210806	4.612789375	4.622532155	4.635289611	4.78524456	4.891538383	4.956561759	5.05087778	5.186178948	5.358657711	5.676848907	6.045573198	6.453136046	6.897336257	7.325222911	7.798164336	8.328962057
20210805	4.616964988	4.629146074	4.649633748	4.802244288	4.908858675	4.973291081	5.063463365	5.193455085	5.360736986	5.648485789	6.015054471	6.413955249	6.847851534	7.271488509	7.740166295	8.265986986
20210804	4.616867881	4.617990471	4.650165277	4.80026738	4.906894902	4.971302574	5.061439848	5.191292786	5.370034565	5.67063244	6.038658015	6.438792458	6.874143473	7.305642034	7.783914809	8.320849238
20210803	4.617450524	4.634603683	4.670154558	4.817165436	4.915274886	4.989979658	5.080277504	5.221757009	5.413361296	5.679102079	6.046626675	6.447628547	6.883858728	7.303949527	7.76796811	8.288343534
20210802	4.621043493	4.633234711	4.653744557	4.805573542	4.903438732	4.977961527	5.067953138	5.226248319	5.376798236	5.677262869	6.032655801	6.424685217	6.851313383	7.280691533	7.757208991	8.292093615
20210730	4.619878206	4.627339269	4.632061884	4.768961428	4.866043911	4.942443986	5.045269246	5.191980854	5.324196136	5.615639597	5.973961059	6.366381883	6.793247329	7.204213765	7.657990724	8.166660895
20210729	4.617450524	4.624907667	4.6296278	4.766455405	4.864484547	4.948031409	5.037443805	5.17851168	5.258593252	5.546410109	5.920982118	6.311400964	6.734695611	7.14732798	7.603514702	8.114992697
20210728	4.615314165	4.613632894	4.597967819	4.729906202	4.828180748	4.920651072	5.009408071	5.154887847	5.280441444	5.563030708	5.976583549	6.396848052	6.852972472	7.285092004	7.762167674	8.297911584
20210727	4.615702593	4.615904926	4.598122747	4.734653266	4.832524359	4.921109018	5.014611376	5.116002378	5.234931627	5.52202118	5.907580942	6.308161081	6.742790392	7.165902935	7.633980561	8.159312686
20210726	4.615022843	4.615225145	4.597445585	4.733955998	4.831812677	4.92038429	5.013756108	5.137255428	5.262244725	5.568513125	5.983268858	6.389357713	6.828759106	7.251977055	7.719722343	8.244649354
20210723	4.400415784	4.400582322	4.383723737	4.516193421	4.609545785	4.690176555	4.757937521	4.890647833	4.999047878	5.278687605	5.647311335	6.0027063	6.385927242	6.778673115	7.214930495	7.704200258
20210722	4.389248448	4.391069557	4.400738554	4.52225944	4.616147086	4.691403047	4.759511008	4.833856902	4.952423331	5.184764914	5.522385393	5.876859969	6.260562088	6.639399082	7.058345057	7.527593685
20210721	4.384101762	4.389301228	4.385426436	4.504739786	4.597015311	4.661618618	4.720955195	4.789363602	4.868883002	5.120287132	5.442947683	5.785478683	6.156158896	6.538394523	6.962843957	7.438486595
20210720	4.381965403	4.38234859	4.364914605	4.485446257	4.574833759	4.621465689	4.680613726	4.742927237	4.827394636	5.042873083	5.360233812	5.704920435	6.078254637	6.444974173	6.850052761	7.303428777
20210719	4.38099433	4.381370134	4.363891389	4.478045873	4.569159834	4.628230561	4.682949359	4.756065659	4.808299591	5.033873866	5.339079854	5.681988481	6.054066989	6.419306921	6.822699996	7.274154638
20210716	4.382742261	4.385518309	4.374792772	4.48857961	4.579907904	4.639117592	4.694187018	4.725255568	4.80930191	5.024407186	5.316639927	5.664512287	6.043101467	6.413380225	6.822271455	7.280021363
20210715	4.381965403	4.38099896	4.374621008	4.490740053	4.582732645	4.647135263	4.706482722	4.737722151	4.84347688	5.071331766	5.414897213	5.763670731	6.140182548	6.500039489	6.896378611	7.339697543
20210714	4.383422011	4.386217501	4.375597826	4.501117793	4.591755948	4.647799964	4.707121444	4.759056655	4.887063754	5.11699031	5.450696655	5.800905582	6.179797986	6.542281006	6.941603898	7.388323881
20210713	4.381965402	4.382167428	4.36531426	4.494902784	4.585410016	4.641373663	4.700445472	4.783684975	4.933686878	5.1999907	5.538825639	5.886796811	6.26308075	6.628041824	7.030721403	7.481314995
20210712	4.382936476	4.38314488	4.366137521	4.493519129	4.585051358	4.651672659	4.719128034	4.83456761	5.006910359	5.287673995	5.618745997	5.970346136	6.351729592	6.714996654	7.115142636	7.562854233
20210709	4.383616227	4.391236109	4.394206287	4.517677757	4.616328602	4.691497595	4.759321645	4.891615975	5.060228082	5.355358334	5.678347295	6.026111328	6.40353012	6.763771643	7.160528775	7.604233202
20210708	4.384393084	4.387790221	4.454896608	4.596877909	4.690923136	4.765272049	4.842886415	4.967013644	5.121848289	5.373602319	5.684423462	6.02942165	6.403954746	6.777008006	7.1896585	7.651463232
20210707	4.381965402	4.396014787	4.422128634	4.553407506	4.665510603	4.73857363	4.841396069	4.971400609	5.125592114	5.37705468	5.675298785	5.995021008	6.341052144	6.722825784	7.149204244	7.626956859
20210706	4.382450939	4.396425828	4.423014765	4.563846777	4.675977389	4.746075321	4.83196209	4.961317077	5.126524762	5.390104037	5.676688405	6.030081044	6.416238794	6.794356396	7.212151393	7.679966854
20210705	4.383422012	4.399670557	4.433663193	4.579144627	4.686177841	4.756762038	4.86849262	5.020751063	5.18726941	5.441517966	5.730303339	6.100697285	6.506723972	6.903492563	7.342291246	7.834315219
20210702	4.383422013	4.395911598	4.412622525	4.539896457	4.656583219	4.726554315	4.837512133	4.999485798	5.159554954	5.429675764	5.743325133	6.122183544	6.536727587	6.936358975	7.377909585	7.873194258
20210701	4.375167895	4.379726611	4.395579072	4.522361416	4.638597484	4.708298322	4.818771803	4.990691222	5.155858024	5.431485486	5.745227547	6.123972408	6.53849582	6.938520909	7.380605769	7.876560467
20210630	4.362252628	4.376228977	4.402286446	4.534477864	4.651416581	4.727817364	4.825856779	4.992604255	5.1468775	5.433831683	5.748194243	6.127164718	6.541890982	6.936263461	7.371310784	7.859089191
20210629	4.390705057	4.41171185	4.460447291	4.607221847	4.728582999	4.79507679	4.907441608	5.109287889	5.305953135	5.601063088	5.930682849	6.328230179	6.763938022	7.170839515	7.619103193	8.121898056
20210628	4.390705057	4.409390881	4.450388213	4.589844504	4.71218998	4.789738162	4.914615927	5.12750379	5.318848595	5.578522495	5.899450734	6.302019757	6.744162375	7.141996558	7.578421617	8.067572437
20210625	4.391870345	4.417617193	4.480702278	4.623463009	4.75619427	4.835073074	4.96518915	5.196459384	5.3727857	5.640477987	5.977967608	6.379075176	6.818458433	7.226520617	7.675828699	8.179785512
20210624	4.393618274	4.39752683	4.474194139	4.630392696	4.74862699	4.828435729	4.962779931	5.20498259	5.381604304	5.655795957	5.968600832	6.367948579	6.806872354	7.211187655	7.655889585	8.154499147
20210623	4.39167613	4.41021067	4.451873723	4.605910424	4.714035349	4.79423161	4.932227067	5.135257736	5.315454847	5.592796746	5.902398061	6.297491049	6.73159222	7.130844246	7.569832632	8.061938275
20210622	4.393132738	4.408108104	4.431787321	4.559745776	4.683081767	4.764601048	4.888889007	5.084523767	5.285415995	5.579168882	5.913757831	6.296217261	6.713963581	7.116918694	7.562227129	8.061726752
20210621	4.394103812	4.409041121	4.432566387	4.550936858	4.669180445	4.750555538	4.874550951	5.064264328	5.270132023	5.557304282	5.890444336	6.271481345	6.687622871	7.097459087	7.551476661	8.061104666
20210618	4.392647202	4.412490503	4.449877746	4.574168372	4.718050446	4.802679977	4.918962157	5.131436987	5.355760127	5.66482858	6.004370486	6.370963273	6.769911968	7.201568634	7.684417444	8.227458973
20210617	4.393132738	4.403106683	4.450986844	4.576734137	4.720694925	4.805370899	4.921718212	5.134311077	5.358759859	5.668002314	6.007733501	6.374531615	6.77370376	7.205602194	7.688721445	8.232067128
20210616	4.393618275	4.412275326	4.453349501	4.595848007	4.729067205	4.816427449	4.946015811	5.148958211	5.373939687	5.684090723	6.024764059	6.406774928	6.823769142	7.271975313	7.773525806	8.338277441
20210615	4.39556042	4.402542755	4.407206382	4.547148266	4.68369704	4.770111652	4.898362119	5.099444139	5.299852215	5.605470394	5.954330346	6.339559031	6.759915304	7.198724847	7.688383807	8.239494416
20210614	4.395560421	4.404819034	4.416987482	4.562751249	4.69492445	4.783990355	4.925513897	5.122485988	5.323723896	5.630789105	5.968504314	6.347090713	6.760295111	7.192562799	7.674754573	8.217095237
20210611	4.397988102	4.402344387	4.400884804	4.566939046	4.683630657	4.791506633	4.890384658	5.026866585	5.231266641	5.487248989	5.840938958	6.206442348	6.602867928	7.011723325	7.466609655	7.977371076
20210610	4.397988101	4.402009597	4.420255814	4.57861784	4.69579552	4.803953786	4.903091683	5.03993036	5.244862745	5.50151141	5.856119891	6.222574239	6.620031127	7.029947638	7.486017202	7.998105478
20210609	4.398182316	4.407506703	4.419250674	4.557001266	4.694531355	4.784792118	4.909362204	5.057395871	5.268172982	5.53752653	5.900721945	6.280434876	6.693041795	7.108964447	7.570930604	8.089826034
20210608	4.398959174	4.404169248	4.400295211	4.52708371	4.639854158	4.716930313	4.819174487	4.953401299	5.172536661	5.490639923	5.865062558	6.270567201	6.71294471	7.140624285	7.614155992	8.14650776
20210607	4.389248449	4.391748031	4.381768994	4.50897482	4.607936578	4.694286952	4.800076771	4.944399544	5.162560767	5.497045073	5.89084747	6.301916147	6.749836243	7.183745023	7.664534516	8.205401696
20210604	4.162308766	4.169508027	4.172233893	4.290008567	4.389510389	4.475846452	4.576554151	4.724047338	4.952823805	5.295396053	5.698525204	6.103088428	6.543568234	6.977123563	7.458912058	8.00184447
20210603	4.158812904	4.158817159	4.170340602	4.292594846	4.395055002	4.4686566	4.545229753	4.696461052	4.925022595	5.277690222	5.692365182	6.097077003	6.536889565	6.96951042	7.450166781	7.991742996
20210602	4.161046371	4.165955266	4.162196095	4.272021877	4.348691351	4.397557226	4.477220287	4.636599921	4.842589996	5.196079799	5.593616468	5.994638866	6.431115912	6.864410812	7.346316777	7.889494385
20210601	4.161046372	4.157049024	4.127231339	4.238734953	4.316598503	4.380051727	4.447285453	4.600452267	4.794252895	5.149644557	5.531906669	5.937912829	6.381451818	6.809595885	7.284473453	7.819625147
20210531	4.161629015	4.168821272	4.171476453	4.277811007	4.364311945	4.418791583	4.482752258	4.626934589	4.84853646	5.186342476	5.546941319	5.940201355	6.369794467	6.784512033	7.243946663	7.760911962
20210528	4.161531908	4.160506049	4.163373979	4.259866156	4.340956281	4.385351692	4.440987295	4.569089036	4.75310456	5.052790198	5.393143843	5.770060441	6.181274174	6.581683972	7.025228346	7.523825176
20210527	4.161046371	4.170538867	4.179618147	4.272715464	4.360834834	4.426294206	4.482159004	4.62652171	4.80171832	5.109260248	5.453272012	5.827512746	6.235382994	6.64454294	7.099253055	7.610745564
20210526	4.163474053	4.182319217	4.217760421	4.31390411	4.399843687	4.446260923	4.510660706	4.656341822	4.807015438	5.087524196	5.442315663	5.810649561	6.210467188	6.605804616	7.044034992	7.536225299
20210525	4.161920338	4.173778803	4.189559593	4.291097085	4.371911233	4.415013454	4.487531935	4.612583025	4.741161294	5.018249491	5.368958146	5.745885785	6.156015193	6.553979011	6.994453553	7.489335771
20210524	4.161046371	4.172850712	4.188423428	4.27601747	4.35314897	4.400517414	4.472314423	4.611963406	4.745553225	5.033586522	5.385180584	5.756245042	6.159574438	6.562896273	7.010764102	7.514285948
20210521	4.158133153	4.163734493	4.186124845	4.264373213	4.341366702	4.389254126	4.464905863	4.599184135	4.75333619	5.053218224	5.406172409	5.78495242	6.197326771	6.60917375	7.066695784	7.581410727
20210520	4.158812905	4.17062749	4.185915756	4.207349689	4.293551528	4.321754376	4.388538658	4.530498342	4.678348731	4.974810969	5.323321143	5.697034621	6.103527483	6.508261167	6.957526651	7.462671702
20210519	4.161046371	4.158118958	4.12503562	4.147648401	4.219777314	4.237962985	4.291501322	4.405548432	4.555462256	4.834752481	5.185807511	5.563978958	5.975453783	6.366823311	6.79912787	7.284805716
20210518	4.157647617	4.160276797	4.150082999	4.254492269	4.323066281	4.380185066	4.459382175	4.628435205	4.792920003	5.10466937	5.471901741	5.880992249	6.32868513	6.752899006	7.222326285	7.751010557
20210517	4.158327368	4.160942461	4.150666379	4.247815439	4.342773475	4.402651518	4.49805848	4.688240455	4.884695039	5.222765482	5.62102315	6.053796252	6.528074863	6.979990542	7.481308033	8.047217776
20210514	4.157162081	4.157681425	4.150070121	4.256136249	4.352497135	4.423740296	4.535227653	4.746648684	4.959749193	5.312538731	5.704285332	6.148579072	6.637358735	7.115886644	7.649098556	8.252448926
20210513	4.15861869	4.156701353	4.133679177	4.237307082	4.342285625	4.407387493	4.486839474	4.666028051	4.897716264	5.258897723	5.635528977	6.06765105	6.542853469	7.013179508	7.537551847	8.130612348
20210512	4.15861869	4.161233966	4.150957164	4.248235165	4.345915849	4.390000911	4.470012894	4.634200368	4.824170905	5.181512203	5.58998748	6.021127246	6.492726058	6.958408364	7.477262026	8.06379489
20210511	4.159104225	4.161735558	4.151502992	4.249140328	4.333339044	4.374532243	4.438288976	4.556472261	4.734812573	5.066192309	5.491256206	5.910803711	6.367055784	6.81620003	7.315868899	7.879902721
20210510	4.160075298	4.15379075	4.091535462	4.178626964	4.251462998	4.27858862	4.332989659	4.43359369	4.587926649	4.921567591	5.336640176	5.745303408	6.18929721	6.619608301	7.097193522	7.635704818
20210507	4.161046372	4.161389326	4.144567073	4.211267469	4.26357355	4.296315745	4.359005744	4.445064694	4.636183752	4.973894974	5.404912646	5.825614095	6.282705604	6.720064058	7.204957148	7.751796145
20210506	4.161046371	4.170523906	4.179413323	4.238135703	4.290321158	4.316440115	4.363234312	4.429212958	4.590064068	4.904501622	5.320046524	5.729100036	6.172894732	6.600976532	7.075519675	7.610162605
20210505	4.157647618	4.164860477	4.167422377	4.236405077	4.292120121	4.314031357	4.360805324	4.4216274	4.592910084	4.874915743	5.299527745	5.695051005	6.122080327	6.534509047	6.991270633	7.505189494
20210504	4.158521582	4.163419427	4.159434028	4.222828696	4.265252301	4.287840865	4.338402458	4.389177775	4.533833622	4.812724267	5.221579493	5.605150317	6.019020582	6.423525519	6.871808698	7.37593987
20210503	4.157647618	4.15852958	4.176604011	4.233924845	4.262590296	4.282428292	4.340905504	4.406789019	4.521198922	4.810350944	5.196641332	5.577902583	5.990426345	6.392757401	6.838407905	7.339414326
20210430	4.150850108	4.162625523	4.178010533	4.230514925	4.254731668	4.273849688	4.328192604	4.378783635	4.482412873	4.780755653	5.165842901	5.538825998	5.941621889	6.339798444	6.781260192	7.277393623
20210429	4.164445125	4.171666497	4.174174179	4.23129741	4.25977658	4.275777425	4.314323601	4.378813818	4.508469614	4.786709871	5.165598089	5.531995142	5.927384131	6.324075634	6.764428911	7.259255654
20210428	4.164930661	4.167575612	4.157125396	4.20297169	4.237698751	4.239897372	4.29386746	4.31862088	4.447120871	4.701197554	5.080244506	5.435613036	5.817803929	6.195676994	6.614054077	7.083445044
20210427	4.165124876	4.167755362	4.157223418	4.194132983	4.230179162	4.239285622	4.285144266	4.309791872	4.427686926	4.702331781	5.058766074	5.424278054	5.819918178	6.199015121	6.617561826	7.087181771
20210426	4.165901734	4.163922631	4.141214692	4.184498353	4.21831906	4.243897562	4.289916613	4.30496998	4.432609616	4.718072053	5.075316527	5.441456312	5.837945224	6.208052311	6.615466948	7.072272288
20210423	4.165610413	4.163696753	4.140467796	4.202108579	4.240307157	4.267429339	4.321992201	4.334420222	4.47619163	4.753057	5.100328487	5.467489857	5.865875184	6.23807938	6.647894793	7.107464121
20210422	4.163182731	4.161218425	4.138292752	4.19754857	4.272924364	4.310957824	4.357845787	4.414223708	4.563941068	4.860111194	5.242541726	5.615949168	6.019859644	6.400291424	6.819818251	7.29064714
20210421	4.163474053	4.157703203	4.120121824	4.200199069	4.257170941	4.291332206	4.338010058	4.399059134	4.553307793	4.848847775	5.189554868	5.548050148	5.937193527	6.308889501	6.719145429	7.179320647
20210420	4.161046372	4.161328394	4.17137097	4.24580293	4.298958171	4.332616215	4.375935614	4.422154942	4.572758822	4.854118394	5.195693235	5.555420432	5.945610119	6.322492298	6.738893685	7.205993092
20210419	4.159783977	4.162397399	4.151888713	4.19807641	4.228937352	4.262954285	4.309004603	4.373929777	4.513003288	4.812657787	5.152095081	5.515123053	5.909420134	6.289589783	6.709701064	7.18118852
20210416	4.159783978	4.156506757	4.12450205	4.173405814	4.199738813	4.233601785	4.279286585	4.353606297	4.49224205	4.747055819	5.127129495	5.497081691	5.896763867	6.292334467	6.731053803	7.224226111
20210415	4.160075299	4.154527072	4.116285138	4.17731646	4.22530171	4.259098489	4.305090111	4.389896676	4.529099998	4.807003355	5.185498304	5.568200331	5.983192105	6.385822508	6.831753597	7.333282706
20210414	4.162017445	4.16010647	4.136954756	4.209370338	4.239859435	4.274023937	4.320190827	4.395392516	4.524734599	4.813771625	5.176199251	5.561093822	5.979600202	6.381998347	6.827195865	7.327776293
20210413	4.161240587	4.168137349	4.19817661	4.268327875	4.290346999	4.325013969	4.371633785	4.457608196	4.599061196	4.914651211	5.296405352	5.696473354	6.131622618	6.550468754	7.014260695	7.536221975
20210412	4.161046371	4.184645093	4.233395711	4.304164825	4.319686879	4.36191069	4.40890651	4.495549364	4.643431023	4.961883527	5.371068194	5.774148729	6.210997729	6.637814927	7.111250881	7.644292083
20210409	4.159104226	4.180241899	4.222005934	4.278913719	4.29050892	4.311066082	4.349856565	4.419593962	4.581399317	4.8969247	5.289730598	5.676977775	6.096172727	6.511119892	6.971645383	7.489761658
20210408	4.157162081	4.175978674	4.211193236	4.265258608	4.272773486	4.299041092	4.345364271	4.405277584	4.566592845	4.892390175	5.285167923	5.671995937	6.09073911	6.505270436	6.965336709	7.482937921
20210407	4.157162081	4.173653434	4.202414793	4.277591449	4.272793205	4.306851835	4.34956723	4.414317429	4.586098771	4.907097918	5.324068807	5.707710337	6.121205989	6.532086603	6.98819283	7.501207677
20210406	4.157162081	4.159263063	4.193889147	4.247217373	4.244566095	4.260709915	4.298907702	4.337791518	4.48218452	4.798234485	5.18521279	5.546517127	5.935442755	6.331834644	6.772417989	7.267443777
20210405	4.158618689	4.170450217	4.186021521	4.250697814	4.250992561	4.287483385	4.321814346	4.396011359	4.556914469	4.865063952	5.26695939	5.639974468	6.041894767	6.446700628	6.896476025	7.402204216
20210331	4.157162081	4.190267049	4.265764337	4.32309189	4.336417726	4.371488408	4.418508673	4.505082709	4.669277319	5.012304306	5.413770304	5.809169517	6.237492512	6.651489377	7.109784547	7.625083552
