DATE	1	7	30	90	180	270	360	720	1080	1440	1800	2160	2520	2880	3240	3600	5400	7200	9000	10800
20220331	0.023918276	0.02392822	0.023966366	0.024562716	0.025267958	0.026020476	0.026698636	0.029147796	0.031123956	0.032641485	0.033254755	0.034101895	0.034996658	0.035818225	0.036658993	0.037528928	0.041851935	0.045491492	0.049722933	0.054459685
20220330	0.023362037	0.02392822	0.023966366	0.02450638	0.025325647	0.026020476	0.026759453	0.029075337	0.03097984	0.032963391	0.033254321	0.033648924	0.034587555	0.035654409	0.036803712	0.037996423	0.041506203	0.045764082	0.048174182	0.054797713
20220329	0.023362037	0.02392822	0.024076556	0.024562716	0.025152579	0.025960796	0.026759453	0.029073935	0.031208585	0.033374158	0.033611985	0.033814157	0.034534488	0.035901104	0.037326155	0.038328625	0.041191228	0.044809283	0.046510138	0.05190285
20220328	0.023637932	0.02392822	0.024076556	0.024562716	0.025152579	0.025960796	0.026759453	0.028814127	0.030684648	0.032418121	0.032648481	0.033156419	0.033740399	0.035085924	0.036465198	0.037112823	0.040154459	0.042621256	0.045796064	0.04902964
20220325	0.023362037	0.02392822	0.024076556	0.024731725	0.025441026	0.026370279	0.027064863	0.029243773	0.031472918	0.033490913	0.033875077	0.034294835	0.034860732	0.036175382	0.037519948	0.038189994	0.04120767	0.043338071	0.044606065	0.050198697
20220324	0.023362037	0.02390713	0.024076556	0.024788062	0.025498716	0.026477559	0.027188498	0.029398517	0.031605031	0.03343818	0.034113538	0.034367836	0.035376174	0.03654856	0.037647689	0.038437601	0.0412383	0.044018942	0.046353112	0.047595131
20220323	0.023362037	0.0238179	0.024076556	0.024788062	0.025614095	0.026485527	0.027185093	0.029178698	0.031395028	0.033043245	0.033795972	0.03408648	0.035618644	0.036778313	0.037802663	0.038658469	0.042238525	0.045102652	0.048276487	0.049233268
20220322	0.023362037	0.023709198	0.02369089	0.024675389	0.025556405	0.026482829	0.027063526	0.029180598	0.031391925	0.033243409	0.033890497	0.034268254	0.036085182	0.037364454	0.038448527	0.039334112	0.043515435	0.046811455	0.05019477	0.052720459
20220318	0.023362037	0.023402572	0.02369089	0.024675389	0.025608158	0.026473447	0.027063477	0.029161854	0.031495862	0.033542508	0.034458934	0.034784829	0.036919396	0.037997752	0.038779812	0.03981207	0.043751237	0.047659486	0.049383052	0.057295985
20220317	0.023362037	0.02337175	0.02369089	0.024731725	0.025662196	0.026479266	0.027063532	0.029373343	0.031612726	0.03381064	0.034435861	0.034957666	0.037229226	0.038346843	0.039139629	0.040260996	0.043614003	0.047209368	0.049767185	0.056125665
20220316	0.023362037	0.02337175	0.02369089	0.024675389	0.025671784	0.026487364	0.026942038	0.029578168	0.031911635	0.034126794	0.035011412	0.035249269	0.037397986	0.038703752	0.039659463	0.040793298	0.044260878	0.047896927	0.052742654	0.055648475
20220315	0.022861422	0.02337175	0.02369089	0.024619052	0.025844852	0.026557596	0.027550092	0.030401576	0.033204773	0.035550611	0.036330343	0.036396307	0.03855864	0.040064184	0.041275662	0.042584435	0.045619148	0.048944541	0.053669299	0.054142834
20220314	0.022861422	0.02337175	0.023911271	0.02433737	0.025671784	0.026480036	0.027550298	0.031237179	0.03384367	0.036033901	0.03648064	0.036619958	0.037818668	0.039217546	0.04062992	0.041933899	0.045722689	0.046544613	0.049852137	0.052628243
20220311	0.023109727	0.02337175	0.023911271	0.02433737	0.025671784	0.026467228	0.027490917	0.030890487	0.033243696	0.035239711	0.035620542	0.035950518	0.03714605	0.038403431	0.039613783	0.040572796	0.04419407	0.04412924	0.046602125	0.052191966
20220310	0.022861422	0.02337175	0.023911271	0.02433737	0.025671784	0.026463062	0.027550158	0.030766242	0.032891914	0.034723307	0.034981249	0.035150022	0.036701778	0.037876011	0.038808637	0.039595378	0.043779498	0.043642985	0.044285103	0.052588996
20220309	0.022861422	0.023352768	0.023911271	0.024393707	0.025671784	0.026482232	0.027489366	0.030471097	0.032942984	0.034692543	0.035339874	0.035594197	0.037526912	0.038391592	0.038869051	0.039687858	0.044568739	0.044958731	0.046817028	0.052209739
20220308	0.022805799	0.023299503	0.023911271	0.024562716	0.025671784	0.026479683	0.027550165	0.030220068	0.032842752	0.034620245	0.034939936	0.035485348	0.037911084	0.038754454	0.039050052	0.039767038	0.044302807	0.045054069	0.046062179	0.051532624
20220307	0.022805799	0.022984006	0.023525605	0.024224697	0.025556405	0.026676956	0.027671743	0.030680761	0.033677125	0.035535307	0.036020649	0.036535834	0.039300579	0.04010898	0.040278353	0.041186414	0.045695294	0.046579426	0.047172559	0.054854581
20220304	0.022805799	0.022830693	0.023525605	0.024224697	0.025556405	0.026676956	0.027734075	0.031386932	0.034001322	0.035923691	0.036376007	0.036850847	0.039380954	0.040336432	0.040651425	0.041346213	0.045433735	0.046546658	0.047579726	0.06012316
20220303	0.022805799	0.02281528	0.023525605	0.024224697	0.025441026	0.026532727	0.027680069	0.031921809	0.034120948	0.036228964	0.036480085	0.036642833	0.039105217	0.040165446	0.040553043	0.041358149	0.044983918	0.047109842	0.051219867	0.058465777
20220302	0.022805799	0.02281528	0.023525605	0.023943015	0.025210269	0.026259196	0.027550073	0.031052627	0.032928776	0.03518363	0.035390405	0.035925691	0.037718292	0.038429339	0.038736457	0.039423934	0.043154056	0.046316286	0.05168036	0.061303738
20220301	0.022805799	0.02281528	0.023525605	0.023943015	0.025210269	0.026259196	0.027063763	0.030552846	0.032547888	0.034543027	0.035049302	0.035815749	0.03761299	0.038357445	0.038727945	0.039405928	0.043111795	0.046356317	0.053363116	0.068892144
20220228	0.023083918	0.023119473	0.023415415	0.024112024	0.025267958	0.026080156	0.026889541	0.030524129	0.032381173	0.035057316	0.035589232	0.036268817	0.037782007	0.038454584	0.038871333	0.039736198	0.042861375	0.04602441	0.050292483	0.061777422
20220225	0.023083918	0.023093514	0.023415415	0.02416836	0.025267958	0.026052112	0.026828146	0.029763353	0.031355665	0.033973208	0.034888468	0.03543114	0.036585078	0.037138361	0.037512193	0.038237701	0.0414353	0.043392438	0.047111106	0.05599325
20220224	0.023083918	0.023093514	0.023415415	0.024055687	0.025210269	0.026038195	0.02664246	0.029071321	0.030896253	0.033461525	0.034446045	0.034795606	0.035864004	0.036910652	0.037816688	0.038278014	0.041895247	0.043206882	0.045500222	0.057591402
20220223	0.023083918	0.023093514	0.023415415	0.023774005	0.025210269	0.026139836	0.026944957	0.029060255	0.030896133	0.033967761	0.035030076	0.035404748	0.036305797	0.037345847	0.038423388	0.039049726	0.042774422	0.043591517	0.047368374	0.058245369
20220222	0.023083918	0.023093514	0.022974654	0.023604995	0.024748753	0.025670005	0.026580013	0.028951982	0.030936457	0.03363523	0.034902284	0.035300495	0.036024258	0.0368594	0.037783812	0.038532642	0.042589774	0.042354725	0.04848012	0.057369195
20220221	0.023083918	0.023093514	0.022974654	0.02337965	0.024748753	0.025662396	0.026152421	0.028484828	0.030425742	0.032596825	0.032972668	0.033335151	0.03411443	0.034992374	0.035986095	0.037004285	0.039908263	0.039624374	0.043668446	0.056129354
20220218	0.023083918	0.023093514	0.022974654	0.02337965	0.024748753	0.025662396	0.026151387	0.028002453	0.030027065	0.032136533	0.032211683	0.032469827	0.033164627	0.034097499	0.035094257	0.035740528	0.039029164	0.038442913	0.041643609	0.050432671
20220217	0.023083918	0.023093514	0.022974654	0.023999351	0.0250372	0.025901116	0.02639474	0.028852867	0.030881046	0.033243508	0.033200113	0.033405586	0.034224222	0.035192152	0.036130344	0.036688226	0.039742036	0.038264163	0.042158103	0.051480175
20220216	0.023083918	0.023093514	0.022974654	0.02416836	0.024864132	0.025727291	0.026333923	0.028767416	0.030823884	0.032776442	0.032375367	0.032546839	0.033320568	0.034073197	0.034876711	0.035640917	0.03848894	0.037359872	0.04211366	0.049358019
20220215	0.022750174	0.022785591	0.022754274	0.024450043	0.024806442	0.02574454	0.026394734	0.028855101	0.0307714	0.032577984	0.032524929	0.03259861	0.033334272	0.034241017	0.035195232	0.036223513	0.039220841	0.037212047	0.043155276	0.053532482
20220214	0.022750174	0.02275655	0.022644083	0.024450043	0.024806442	0.025792337	0.026395938	0.028924642	0.030518474	0.032232231	0.032171574	0.032113737	0.033033518	0.033863712	0.034567273	0.035542196	0.038322315	0.039659446	0.039993073	0.048583557
20220211	0.022750174	0.022759632	0.022644083	0.024450043	0.024806442	0.02579744	0.026455539	0.028985846	0.030724426	0.032570942	0.032374556	0.032384539	0.033328446	0.034214507	0.034986444	0.036168518	0.039093894	0.040677861	0.042311405	0.051217433
20220210	0.022750174	0.022759632	0.022644083	0.024450043	0.024806442	0.026027942	0.026698819	0.029339157	0.031364383	0.033040193	0.032569063	0.033014396	0.033817552	0.034507823	0.035216446	0.036322848	0.039573138	0.042067917	0.044945422	0.055697633
20220209	0.022750174	0.022759632	0.022644083	0.024224697	0.024806442	0.026035945	0.026759593	0.02927081	0.03123033	0.032749324	0.032267814	0.032835665	0.033594319	0.034210278	0.034979503	0.035898546	0.039249052	0.042085349	0.045754546	0.061539996
20220208	0.022750174	0.022759632	0.023084845	0.024224697	0.024979511	0.026213868	0.026881154	0.029180239	0.030775728	0.032502169	0.032389994	0.032931371	0.033552509	0.034048007	0.034708379	0.035625593	0.039535075	0.040759584	0.043021151	0.058170136
20220204	0.022750174	0.022759632	0.023084845	0.024224697	0.024806442	0.026143775	0.026881647	0.028773271	0.030655034	0.032082957	0.032191611	0.032711449	0.033095262	0.033331882	0.033816765	0.034767752	0.038054756	0.03923598	0.040999734	0.053694381
20220203	0.022750174	0.022759632	0.022974654	0.024393707	0.025267958	0.026676956	0.027434084	0.030090876	0.032089323	0.033891053	0.034357087	0.034725083	0.034902638	0.035279536	0.035933572	0.036534626	0.039876843	0.040953256	0.041615551	0.060346505
20220202	0.022750174	0.022759632	0.022919559	0.02450638	0.025441026	0.026674962	0.027489256	0.029849332	0.031837181	0.033545834	0.033475132	0.034227485	0.0345649	0.034901625	0.035486254	0.0361806	0.039686312	0.040257405	0.040623156	0.055719502
20220201	0.022750174	0.022759632	0.022864464	0.024450043	0.025441026	0.026674551	0.027489256	0.029648915	0.031247206	0.03275711	0.032536091	0.032507915	0.03277942	0.033058336	0.033389243	0.033435336	0.037494331	0.037130701	0.036529821	0.04834105
20220131	0.022750174	0.022759632	0.023195035	0.02450638	0.025152579	0.026671978	0.027306805	0.029411779	0.031035979	0.032349798	0.032170641	0.032175491	0.032609494	0.032916484	0.033226055	0.033908142	0.036242547	0.036114763	0.03575685	0.047154227
20220128	0.022750174	0.022759632	0.02325013	0.02450638	0.025325647	0.026670594	0.027319109	0.029839606	0.031766546	0.033073482	0.033251737	0.033070298	0.033042794	0.033185726	0.033557533	0.033968577	0.035742751	0.035758908	0.035695924	0.048290732
20220127	0.022750174	0.022759632	0.022533893	0.024224697	0.025325647	0.026669669	0.027311185	0.029694715	0.031697016	0.033206112	0.033419308	0.033155792	0.032909518	0.032911695	0.033167467	0.033612683	0.035585217	0.035563503	0.036124235	0.047471069
20220126	0.022750174	0.022759632	0.022533893	0.023999351	0.025441026	0.026732351	0.027311525	0.02987748	0.03212427	0.03413592	0.034461135	0.034391149	0.033868778	0.033685804	0.033949318	0.034511368	0.036633707	0.037130572	0.038450359	0.050726773
20220125	0.022750174	0.022759632	0.022533893	0.023830342	0.025325647	0.026613618	0.02725035	0.02969805	0.032070669	0.034284084	0.034476839	0.034680218	0.034213891	0.034166229	0.034680297	0.035223178	0.038022823	0.039355616	0.04161545	0.054912287
20220124	0.022805799	0.022348523	0.021982942	0.023548659	0.025210269	0.026623017	0.027189502	0.029704404	0.032158878	0.03439451	0.034754089	0.035162103	0.034814881	0.034832755	0.035349654	0.035887009	0.039182011	0.04156374	0.044331322	0.058621764
20220121	0.022805799	0.022483667	0.021982942	0.02321064	0.025210269	0.026624425	0.027198272	0.029787591	0.032237942	0.03435967	0.034917518	0.035314031	0.034966071	0.035056047	0.035692183	0.036129927	0.040058392	0.042150403	0.044860943	0.061211151
20220120	0.022805799	0.022537044	0.021982942	0.02321064	0.025614095	0.026664972	0.027310448	0.029797134	0.032328087	0.034507238	0.035047755	0.035196431	0.034667574	0.034850601	0.035610502	0.03605441	0.039687807	0.041457802	0.043834297	0.058174688
20220119	0.022805799	0.022576793	0.021982942	0.02321064	0.025498716	0.026796315	0.027370931	0.029881137	0.032517363	0.034939408	0.035337673	0.035364656	0.034681385	0.034874334	0.035754717	0.035982924	0.038962276	0.040526067	0.042714142	0.058313078
20220118	0.023083918	0.022584094	0.021982942	0.023435986	0.025729474	0.026853442	0.02743373	0.031001369	0.034073207	0.036733687	0.037168041	0.037006278	0.036339159	0.036599817	0.037402329	0.037772801	0.041102798	0.041995061	0.043971501	0.062683193
20220117	0.023083918	0.02263195	0.021762562	0.02337965	0.025556405	0.026749795	0.027436674	0.031309334	0.033993439	0.037301898	0.037088288	0.036701008	0.035879052	0.036141337	0.037148361	0.037304547	0.040286545	0.040498649	0.041673182	0.056223197
20220114	0.02297267	0.022771636	0.021817657	0.02337965	0.025556405	0.026849407	0.027515128	0.031442883	0.034130081	0.036939241	0.036889106	0.03621672	0.035469657	0.035539036	0.036101777	0.036308738	0.038737545	0.038510314	0.038481824	0.057596373
20220113	0.023083918	0.02281528	0.021817657	0.02337965	0.025556405	0.026848906	0.027498336	0.031430352	0.034059338	0.036846806	0.036957083	0.036219783	0.035362022	0.035280236	0.035710976	0.035632878	0.038249276	0.037569017	0.038112626	0.052550106
20220112	0.023083918	0.022855028	0.021817657	0.02337965	0.025556405	0.026928561	0.027620603	0.03171339	0.034488038	0.037251432	0.037496847	0.03705622	0.036229041	0.036138359	0.036696822	0.036809471	0.03917772	0.038779022	0.039349222	0.053212834
20220111	0.023362037	0.022862329	0.021817657	0.02337965	0.025498716	0.026916303	0.027742863	0.031887995	0.034626607	0.037852132	0.038046474	0.037546062	0.036840343	0.036845298	0.037555153	0.037764194	0.040000808	0.040146891	0.041122879	0.055794891
20220110	0.023362037	0.022910185	0.021872752	0.023717668	0.025556405	0.026967126	0.02786418	0.0319005	0.035085562	0.03828001	0.038526833	0.038244979	0.037459236	0.037346323	0.037877601	0.03821203	0.040503791	0.040419781	0.040943773	0.057338954
20220107	0.023245706	0.02304987	0.022038038	0.023774005	0.025671784	0.027166039	0.028066093	0.032196952	0.035613839	0.039022366	0.039174664	0.039184089	0.038532798	0.03861207	0.03934709	0.039689902	0.042117905	0.041440348	0.041233168	0.061538801
20220106	0.023362037	0.023093514	0.022038038	0.023774005	0.025671784	0.027165591	0.028048347	0.033077073	0.03646897	0.03972518	0.039962696	0.040063162	0.039607823	0.039650323	0.040393262	0.040983498	0.043600258	0.043550158	0.044271557	0.059861976
20220105	0.023362037	0.023133263	0.022038038	0.023774005	0.025671784	0.02710744	0.028047702	0.033111645	0.036584463	0.039878567	0.040033773	0.040091038	0.039749023	0.039859004	0.040456297	0.041149292	0.044155704	0.044494557	0.045770327	0.060195586
20220104	0.023362037	0.023262241	0.022478798	0.023774005	0.025671784	0.027147425	0.028219291	0.033252342	0.036657711	0.04010643	0.040099334	0.040147102	0.039767147	0.039906586	0.040526153	0.041222464	0.044688684	0.046271563	0.048288786	0.065108836
20220103	0.023695781	0.023236121	0.022864464	0.023943015	0.025729474	0.027446451	0.028290678	0.033405759	0.037101139	0.04024473	0.040228586	0.040372258	0.040036539	0.040129595	0.040763333	0.04157256	0.045231094	0.047018383	0.049871595	0.065373223
20211231	0.023584533	0.023334922	0.022864464	0.023943015	0.025729474	0.027307045	0.028132676	0.03340706	0.037386351	0.040529487	0.040547758	0.040733468	0.040438795	0.040453565	0.040951301	0.041571375	0.045613482	0.046419066	0.04854867	0.069559455
20211230	0.023695781	0.02337175	0.022864464	0.023943015	0.025729474	0.027307923	0.028048724	0.033620557	0.037654653	0.040759794	0.040586221	0.040769224	0.040401676	0.040487256	0.040912482	0.041433704	0.04539119	0.045791699	0.046946995	0.065561088
20211229	0.023695781	0.023407764	0.022864464	0.024055687	0.025902542	0.027330183	0.028048419	0.033531886	0.037375811	0.040599514	0.040428706	0.040593431	0.04035218	0.040405264	0.040748891	0.041253717	0.044784396	0.045243026	0.046288245	0.064522936
20211228	0.024029524	0.023411982	0.022864464	0.024055687	0.025902542	0.02731216	0.028168636	0.033324207	0.037285503	0.040287051	0.040363822	0.040435869	0.040200846	0.040222772	0.040370938	0.040882286	0.044382428	0.04474885	0.045700244	0.061858953
20211227	0.024029524	0.023470067	0.022864464	0.024224697	0.025844852	0.02741984	0.028168916	0.033544113	0.037322404	0.040443404	0.040598362	0.040621421	0.040286761	0.040238951	0.040542113	0.041051785	0.044077239	0.044427903	0.045375862	0.061466214
20211224	0.023889924	0.023651315	0.022864464	0.024224697	0.025844852	0.027516451	0.028249949	0.033508228	0.037153748	0.040335193	0.040729069	0.040433752	0.040055081	0.040131215	0.040570155	0.041087693	0.044271992	0.044142976	0.045054563	0.06108173
20211223	0.024029524	0.023705632	0.022864464	0.024224697	0.025960231	0.027470765	0.028350966	0.033572407	0.03742631	0.04073009	0.041032189	0.040840092	0.04050818	0.040571456	0.040864986	0.041403978	0.044512766	0.044296475	0.045048608	0.059632654
20211222	0.024029524	0.023753327	0.022864464	0.024224697	0.026017921	0.027636778	0.028401723	0.033912783	0.038053222	0.041517573	0.04189662	0.041580302	0.041186213	0.041163922	0.04146546	0.042021965	0.044885773	0.044700737	0.045540654	0.062167018
20211221	0.024363267	0.023762091	0.022864464	0.024224697	0.02607561	0.02770554	0.028462522	0.034267262	0.038358068	0.041921472	0.042288275	0.041937463	0.041481532	0.041342956	0.041677589	0.042020212	0.044829905	0.044810815	0.045469326	0.062165069
20211220	0.024363267	0.023819519	0.02313994	0.024675389	0.026017921	0.027714492	0.028523333	0.034043869	0.037875397	0.041532183	0.042065031	0.041650289	0.04115911	0.040983222	0.041244704	0.04180279	0.044309749	0.04407937	0.044655637	0.065991185
20211217	0.024223668	0.023987144	0.02313994	0.024675389	0.026017921	0.027687594	0.028524768	0.03409642	0.037840682	0.041474184	0.042152477	0.041815878	0.041271009	0.041112091	0.041522515	0.041873275	0.044396517	0.043802538	0.044147459	0.063606561
20211216	0.024363267	0.024039514	0.02313994	0.024224697	0.026017921	0.027686855	0.02858415	0.034522934	0.038442163	0.042172872	0.042708095	0.042345222	0.041850259	0.041650388	0.042058372	0.042657343	0.045015665	0.044585823	0.04487636	0.060063876
20211215	0.024363267	0.024087209	0.02313994	0.02433737	0.026017921	0.027735261	0.02858415	0.034363271	0.038206723	0.041856744	0.042263419	0.042049155	0.041643676	0.041588912	0.042047474	0.042727625	0.04557031	0.044887714	0.045002743	0.061851866
20211214	0.024418891	0.024133824	0.02313994	0.02416836	0.026017921	0.027670789	0.028644979	0.034420616	0.038201735	0.041935469	0.042380043	0.042220741	0.041954506	0.041898263	0.042303018	0.042986216	0.046260246	0.045502896	0.045504708	0.061051933
20211213	0.024418891	0.024214569	0.0235807	0.023943015	0.02607561	0.027723719	0.028766607	0.034205086	0.037919577	0.041784271	0.042221995	0.042188087	0.041836323	0.041724518	0.042145229	0.042589428	0.04626885	0.04572777	0.045781786	0.061316232
20211210	0.024374899	0.024294288	0.0235807	0.023943015	0.02607561	0.027758942	0.028768048	0.034314988	0.037970189	0.042076715	0.042473809	0.042333639	0.041974757	0.041939515	0.042279784	0.042871979	0.046528603	0.046184216	0.046521964	0.063981146
20211209	0.024418891	0.024373396	0.023856176	0.024450043	0.026133299	0.027810876	0.028898611	0.034449932	0.038031585	0.041814061	0.042277727	0.042254971	0.042036431	0.042140643	0.042397613	0.042868705	0.046464498	0.046272064	0.046836342	0.06106781
20211208	0.024418891	0.024381348	0.023856176	0.02450638	0.026133299	0.02780366	0.028888046	0.034302433	0.038042338	0.041651717	0.041978703	0.041965734	0.041790119	0.041801085	0.041823854	0.042374839	0.046573747	0.046323845	0.046660005	0.059221459
20211207	0.024418891	0.024392538	0.023856176	0.024562716	0.026133299	0.027737373	0.028888046	0.034436903	0.038106906	0.041482577	0.041704599	0.04179721	0.041669096	0.041708422	0.041967407	0.042520845	0.045972265	0.045296648	0.045068237	0.06196997
20211206	0.024418891	0.024403084	0.023966366	0.024788062	0.026306367	0.02773051	0.028583961	0.034302787	0.03791577	0.041163911	0.04142772	0.041545645	0.041488647	0.041436585	0.04162687	0.042167133	0.045320199	0.04469386	0.044211525	0.062276537
20211203	0.024418891	0.024429043	0.024186747	0.024788062	0.026306367	0.027649059	0.02861226	0.034126362	0.03774469	0.040898224	0.041068625	0.041254833	0.041219335	0.04099561	0.041190736	0.041518691	0.044833955	0.04373377	0.042923026	0.05881469
20211202	0.024418891	0.024429043	0.024186747	0.024562716	0.026306367	0.027695753	0.028654126	0.033967924	0.03773623	0.040963456	0.041234307	0.041331006	0.041297558	0.041050159	0.041160869	0.04161231	0.044974391	0.044518574	0.043994358	0.058681957
20211201	0.024418891	0.024385237	0.023966366	0.02450638	0.026248677	0.02768479	0.029196984	0.034228996	0.038026165	0.0411779	0.041411766	0.041426394	0.041379639	0.04120151	0.041313696	0.041642728	0.04551111	0.044881497	0.044407547	0.062484864
20211130	0.024474515	0.024388215	0.023966366	0.02450638	0.026190989	0.027739952	0.028943907	0.034361149	0.038180104	0.041499594	0.041816866	0.041922557	0.041974501	0.041779514	0.041911196	0.042246546	0.046091498	0.045450838	0.044864765	0.061737709
20211129	0.024474515	0.024397569	0.024021461	0.024619052	0.026248677	0.027782546	0.028890588	0.034364464	0.038154654	0.041674912	0.042059586	0.042243426	0.042270484	0.042111309	0.04247442	0.042918672	0.047045799	0.046490846	0.045871022	0.06501397
20211126	0.024451248	0.024420963	0.023966366	0.024620731	0.026248677	0.027688102	0.029034663	0.034543699	0.03827656	0.042031378	0.042403782	0.042276644	0.042333786	0.04235769	0.042717206	0.043180196	0.047768692	0.047365925	0.047091624	0.066867313
20211125	0.024474515	0.024429043	0.023966366	0.024619052	0.026190989	0.027733053	0.028818866	0.034685597	0.038260581	0.042357583	0.042561164	0.042402353	0.04259977	0.042510563	0.04286777	0.043355123	0.047753759	0.047396518	0.047363405	0.065509501
20211124	0.024474515	0.024436995	0.023966366	0.024562716	0.026133299	0.027950043	0.0292513	0.034403356	0.037894893	0.042031744	0.042308961	0.04189164	0.04188762	0.04193045	0.042277915	0.042643522	0.046604733	0.04562814	0.045111222	0.062169946
20211123	0.024474515	0.024448185	0.023966366	0.024731725	0.026248677	0.028092554	0.029193724	0.034592266	0.038267716	0.042283529	0.042375032	0.042171481	0.04212935	0.042064884	0.042508864	0.043001398	0.046811184	0.045903009	0.045651702	0.06298502
20211122	0.024474515	0.02464615	0.024352032	0.02450638	0.026248677	0.028199529	0.028969663	0.034592297	0.037914672	0.042041514	0.042215218	0.041909404	0.041815745	0.041783393	0.042157446	0.042637619	0.045732978	0.044705994	0.044539457	0.061298993
20211119	0.024474515	0.024500104	0.024352032	0.02450638	0.025787163	0.028017404	0.028989422	0.034709236	0.038124888	0.042087925	0.04221136	0.041889442	0.0418384	0.041898281	0.04234188	0.042847465	0.046159974	0.044583482	0.04420653	0.059413767
20211118	0.024474515	0.02448469	0.024352032	0.02450638	0.025787163	0.027744434	0.02861153	0.034840789	0.038350795	0.042153579	0.042232487	0.041868241	0.04169633	0.041638105	0.042238094	0.042649255	0.045701128	0.044576256	0.044191181	0.056367763
20211117	0.024474515	0.02448469	0.024076556	0.02450638	0.025787163	0.027646207	0.028490941	0.034474797	0.038218135	0.041744202	0.041878408	0.041466783	0.041288107	0.04117829	0.041608278	0.042104879	0.045078412	0.044229062	0.043972649	0.054462015
20211116	0.023807028	0.024263131	0.024076556	0.024619052	0.025729474	0.02755751	0.028495035	0.034600982	0.038278281	0.042068222	0.042158745	0.041618992	0.041367815	0.041270673	0.041648685	0.04214961	0.04533304	0.044320165	0.043461538	0.056794609
20211112	0.023807028	0.024142049	0.023911271	0.024844398	0.025960231	0.027503602	0.028321421	0.03467433	0.038245495	0.042152965	0.042262458	0.041830179	0.04140536	0.041156037	0.041626748	0.042126105	0.045441913	0.043802557	0.042735557	0.05596901
20211111	0.023905182	0.024064366	0.023911271	0.024844398	0.025671784	0.027465579	0.028399151	0.034586917	0.037911795	0.041818808	0.04194832	0.041539372	0.041214438	0.040940283	0.041172937	0.041672495	0.044720644	0.04275128	0.041571141	0.055738871
20211110	0.023807028	0.024039514	0.023911271	0.024844398	0.025671784	0.027400576	0.028308935	0.034787991	0.038206227	0.042129341	0.042214714	0.041730147	0.041340182	0.041050556	0.041200767	0.041830826	0.044539614	0.042594118	0.0416076	0.055793791
20211109	0.023807028	0.024015502	0.024407127	0.025013408	0.025787163	0.027359581	0.028313982	0.03463081	0.037983837	0.041960196	0.042024981	0.041527621	0.041114907	0.040729175	0.040954523	0.041466737	0.044010844	0.042156061	0.041496112	0.054129677
20211108	0.023640157	0.024005119	0.024407127	0.025126081	0.026133299	0.027395103	0.028495266	0.034699466	0.038198463	0.042316346	0.042200933	0.041844804	0.041505258	0.041112978	0.041484573	0.042011138	0.044629008	0.042782021	0.042014817	0.053620027
20211105	0.023640157	0.023967156	0.024186747	0.024957072	0.026133299	0.027706316	0.028554708	0.034858005	0.038158334	0.042385431	0.042276754	0.04185616	0.041558987	0.041279515	0.041579829	0.041980145	0.044525987	0.042432696	0.041674099	0.053256594
20211104	0.023640157	0.023855861	0.024186747	0.024957072	0.026133299	0.027713174	0.028676774	0.03497123	0.038283507	0.042508786	0.042441116	0.041966227	0.041611289	0.041296853	0.041656243	0.042151233	0.044888329	0.042478253	0.041148075	0.054066865
20211103	0.023640157	0.023816925	0.024186747	0.025069744	0.026133299	0.027735249	0.028733018	0.035237625	0.038494415	0.042735409	0.042694418	0.042216991	0.04177368	0.041513143	0.04176037	0.042304533	0.045353792	0.043116722	0.041850255	0.053680192
20211101	0.023640157	0.023789186	0.024131651	0.025126081	0.026133299	0.027726691	0.028732142	0.035438195	0.038878657	0.043033522	0.04298009	0.042484333	0.042169636	0.042078748	0.042399268	0.042852746	0.045933021	0.043756565	0.042364547	0.054501948
20211029	0.023417661	0.023790861	0.024131651	0.025126081	0.026364056	0.027740399	0.028784627	0.035578526	0.039117936	0.043048683	0.042994578	0.042637891	0.042367531	0.042094377	0.042356342	0.042925072	0.046114248	0.044215551	0.042657827	0.054891582
20211028	0.023417661	0.023761601	0.023911271	0.025126081	0.026422916	0.027732026	0.02884503	0.035763022	0.03932135	0.043276949	0.043234025	0.042822853	0.042578438	0.042445769	0.042721773	0.043153496	0.046373009	0.044306354	0.042807349	0.056560166
20211027	0.023513273	0.023678248	0.023911271	0.025126081	0.026479435	0.027677676	0.028766266	0.035739345	0.038842982	0.042837782	0.043017031	0.042549708	0.042239403	0.042131545	0.042474718	0.042933145	0.045722702	0.043935623	0.042377177	0.055854274
20211026	0.023417661	0.023649984	0.023911271	0.025126081	0.026479435	0.027727533	0.028724339	0.035604369	0.039054247	0.042927439	0.04312953	0.042849435	0.042435986	0.042434705	0.042840315	0.043418103	0.046221613	0.044529074	0.0432412	0.057065514
20211025	0.023417661	0.023622077	0.023911271	0.025182417	0.026537124	0.027700802	0.028585695	0.035596386	0.039287382	0.042998068	0.043237964	0.043059431	0.042700627	0.04270771	0.043112557	0.043572613	0.046822342	0.045618627	0.045301266	0.05820618
20211022	0.023362037	0.023595039	0.023911271	0.025182417	0.026594814	0.027645526	0.028585719	0.035719451	0.039597975	0.043220322	0.043475898	0.043338226	0.043036353	0.043002015	0.043352075	0.043810369	0.047359778	0.046258156	0.046261392	0.05799008
20211021	0.023362037	0.023454813	0.023525605	0.025238754	0.026537124	0.027777562	0.028829041	0.035793684	0.03977874	0.043469519	0.043680925	0.043645558	0.043233208	0.043130871	0.043492187	0.044054675	0.048026924	0.046446342	0.046100533	0.062589489
20211020	0.023362037	0.023378728	0.023525605	0.025238754	0.026652503	0.027751196	0.028900745	0.035636787	0.039663291	0.043549448	0.043774808	0.043701568	0.043275983	0.043101054	0.043466348	0.043936822	0.048394433	0.046611372	0.045622176	0.062056832
20211019	0.023362037	0.02337175	0.023525605	0.025238754	0.026537124	0.027748606	0.029011279	0.035708292	0.039646452	0.043595958	0.043960851	0.04396371	0.043437755	0.0430739	0.043514164	0.044120014	0.048504186	0.046204689	0.045192884	0.060029442
20211018	0.023362037	0.02337175	0.023525605	0.02529509	0.026537124	0.02780884	0.029011012	0.035682139	0.039662888	0.043750704	0.044004864	0.043892565	0.04335386	0.043252892	0.043525356	0.04399281	0.048148961	0.045837297	0.043915007	0.059871654
20211015	0.023362037	0.02337175	0.023525605	0.025013408	0.026652503	0.027790244	0.029132135	0.035771794	0.039810302	0.043944087	0.044171566	0.044030086	0.043764883	0.043488849	0.043785525	0.044267279	0.048372946	0.046079638	0.045059111	0.056996126
20211014	0.023584533	0.023594337	0.02336032	0.025126081	0.026421745	0.027847472	0.029132019	0.035662321	0.039740753	0.043480612	0.043811984	0.043616795	0.043377293	0.042991595	0.043449196	0.044040066	0.047659583	0.045291422	0.04399062	0.055589222
20211013	0.023584533	0.023594337	0.02336032	0.025126081	0.026421745	0.027821147	0.029257072	0.035554066	0.039743203	0.043755958	0.044048431	0.043767533	0.043620578	0.043358276	0.043813019	0.044336585	0.047445094	0.044767632	0.043226129	0.056120497
20211012	0.023584533	0.023594337	0.02336032	0.025013408	0.026421745	0.027810876	0.029325515	0.035870531	0.040180583	0.044209507	0.044420043	0.044126345	0.04388913	0.043535853	0.043910149	0.044554411	0.047946319	0.045435398	0.044615178	0.056495201
20211011	0.023584533	0.023594337	0.02336032	0.024844398	0.026537124	0.027801297	0.029435399	0.036068776	0.040422493	0.044481857	0.044874897	0.044504583	0.044374456	0.044059407	0.044426065	0.045163198	0.048308269	0.045773295	0.045013023	0.057164503
20211008	0.023584533	0.023594337	0.02336032	0.024844398	0.026537124	0.027850336	0.029435399	0.036028881	0.040128093	0.044245581	0.044573191	0.044136889	0.044203101	0.043976533	0.044205204	0.044806533	0.048147875	0.045447884	0.044636697	0.058004442
20211007	0.023584533	0.023594337	0.02369089	0.025069744	0.026594814	0.027839516	0.029313764	0.035793355	0.039976961	0.044040697	0.04426042	0.043872825	0.043928802	0.043642833	0.043953267	0.044651097	0.047877298	0.045140325	0.044102886	0.057267219
20211006	0.023584533	0.023594337	0.02336032	0.025013408	0.026594814	0.027816903	0.029313764	0.036047285	0.040267422	0.04430147	0.044764135	0.044438098	0.044233593	0.04402574	0.044240623	0.044957504	0.048170903	0.045645306	0.044465782	0.057902085
20211005	0.023584533	0.023594337	0.02336032	0.024957072	0.026594814	0.027807217	0.029326184	0.036421992	0.040643437	0.044793606	0.045264629	0.044810966	0.044613768	0.044399848	0.044542807	0.045166327	0.048507178	0.045949058	0.04504919	0.057352798
20211004	0.023584533	0.023594337	0.02336032	0.025013408	0.026594814	0.027896164	0.029383723	0.036813575	0.041045253	0.045269481	0.045745787	0.045326648	0.045141637	0.044778175	0.044933941	0.045477345	0.049204632	0.046692663	0.044991128	0.057462337
20211001	0.023584533	0.023594337	0.02336032	0.025013408	0.026594814	0.02793171	0.029384379	0.036951437	0.041127076	0.044991176	0.045758786	0.045306324	0.045011801	0.044562066	0.044823789	0.045482893	0.048317591	0.045784365	0.044438856	0.058096031
20210930	0.023584533	0.023483043	0.023745985	0.024900735	0.026537124	0.027959795	0.029444369	0.036962735	0.041092806	0.045111615	0.045681853	0.045263109	0.044891848	0.044430587	0.045032192	0.045642929	0.048440155	0.045761742	0.044883889	0.058630457
20210929	0.023505397	0.023487262	0.023745985	0.024844398	0.026537124	0.027880032	0.029323143	0.03683633	0.041047144	0.044933463	0.045438908	0.04508553	0.044872969	0.044253729	0.044832131	0.04544809	0.048301382	0.045995489	0.045352775	0.062167776
20210928	0.023584533	0.023512358	0.023856176	0.024844398	0.026537124	0.027862224	0.029383248	0.036315197	0.040514754	0.04427686	0.044649173	0.044261997	0.044092877	0.043595927	0.044092429	0.044685062	0.047456267	0.045803097	0.045519374	0.060434247
20210927	0.023640157	0.023516548	0.023856176	0.024619052	0.026479435	0.027720245	0.029381843	0.03642707	0.040609118	0.044479493	0.04493444	0.044555104	0.044338051	0.04385926	0.044446014	0.045134482	0.048299169	0.047016828	0.047417627	0.063042396
20210924	0.023612345	0.023526331	0.0235807	0.024675389	0.026479435	0.027657223	0.029347324	0.036393256	0.040615198	0.044561078	0.044955404	0.044582628	0.044214675	0.043718369	0.044216007	0.044999765	0.048182907	0.047425816	0.048121374	0.062303416
20210923	0.023640157	0.023526983	0.0235807	0.024675389	0.026479435	0.027635566	0.029505229	0.036530594	0.041261758	0.045038485	0.045506428	0.045174585	0.044888108	0.044400002	0.044905294	0.04562471	0.049518556	0.048792255	0.049505027	0.062699828
20210922	0.023640157	0.023594337	0.0235807	0.024675389	0.026479435	0.027625224	0.029566611	0.036661237	0.041449306	0.045124897	0.045548482	0.045379287	0.044913643	0.044698713	0.04518939	0.045898834	0.049908234	0.049107891	0.049628528	0.064605309
20210921	0.023640157	0.023607048	0.0235807	0.024562716	0.026479435	0.027856877	0.029624849	0.036660952	0.041422204	0.045181909	0.045517202	0.045559913	0.04499979	0.044782867	0.045371538	0.046198808	0.050272815	0.04954629	0.049892345	0.066694247
20210920	0.023640157	0.023649984	0.02347051	0.02450638	0.026537124	0.028114731	0.029624746	0.036784409	0.04149196	0.04541102	0.04604089	0.046014048	0.045262938	0.044910877	0.045697318	0.046372657	0.050836029	0.050465776	0.050756028	0.066222278
20210917	0.023640157	0.023649984	0.02347051	0.02450638	0.026479435	0.028183947	0.029693311	0.03729048	0.041809914	0.045765463	0.046361475	0.046025842	0.045285301	0.044915088	0.045616144	0.046408504	0.05115398	0.050841374	0.051194677	0.065115208
20210915	0.023640157	0.023649984	0.02347051	0.02450638	0.026421745	0.028168956	0.029646677	0.037556572	0.042020337	0.045990869	0.046626369	0.046220319	0.04568647	0.045173326	0.046037404	0.04697099	0.051318059	0.050807309	0.050937342	0.066748524
20210914	0.023640157	0.023649984	0.02347051	0.024619052	0.026537124	0.028273204	0.029778254	0.037782201	0.042452573	0.046252219	0.046827421	0.046336492	0.045718687	0.045203487	0.045983317	0.046882657	0.051177517	0.050704562	0.051598729	0.065899949
20210913	0.023640157	0.023649984	0.02347051	0.024788062	0.026710192	0.028257801	0.029982812	0.038051837	0.043156685	0.046799482	0.047375734	0.046770399	0.046028672	0.045648751	0.046295633	0.047177753	0.052097945	0.051686955	0.052510844	0.065515064
20210910	0.023640157	0.023649984	0.02369089	0.024900735	0.026537124	0.028378725	0.02968743	0.038252609	0.043417136	0.04713542	0.047581178	0.046931393	0.046394874	0.046086874	0.04666983	0.047447475	0.051941733	0.051686747	0.052568176	0.069162908
20210909	0.023640157	0.023649984	0.02369089	0.024900735	0.026479435	0.028306225	0.029646901	0.038268656	0.043798231	0.047360528	0.047782746	0.04702553	0.046767458	0.046529351	0.047028954	0.047729914	0.052066186	0.051570164	0.052452351	0.069164484
20210908	0.023640157	0.023649984	0.02369089	0.024900735	0.026479435	0.028284705	0.029568734	0.038375503	0.043751018	0.04757287	0.048067161	0.047454285	0.047108262	0.046884982	0.047382181	0.048105688	0.052297906	0.051840179	0.052524405	0.071218078
20210907	0.023918276	0.02392822	0.02369089	0.024844398	0.026479435	0.028251856	0.02962744	0.038262429	0.043676426	0.047489913	0.048015028	0.047462707	0.047019686	0.046793463	0.047193561	0.047992694	0.052076079	0.051157436	0.051205049	0.073138362
20210906	0.023640157	0.02392822	0.02369089	0.024675389	0.026537124	0.028228576	0.029627416	0.03833663	0.043722139	0.047461016	0.048352938	0.047555643	0.04717724	0.04682396	0.047161369	0.048104169	0.052156583	0.051033096	0.051071206	0.072981021
20210903	0.023640157	0.024150485	0.023966366	0.024675389	0.026537124	0.028205879	0.029688762	0.038048907	0.043228362	0.047406945	0.047979327	0.04712278	0.046886138	0.046700309	0.046959345	0.047594654	0.051581438	0.050299535	0.050253589	0.069832211
20210902	0.023640157	0.023985814	0.024021461	0.024731725	0.026594814	0.028160875	0.029765105	0.038165081	0.04339423	0.047689201	0.048301018	0.04734909	0.04713525	0.047048742	0.04730123	0.04806061	0.051992106	0.050807669	0.050856208	0.070828864
20210901	0.023640157	0.02392822	0.024033186	0.024619052	0.026652503	0.028238585	0.029807999	0.037891688	0.043108165	0.047491873	0.048166391	0.047277686	0.04697198	0.046895406	0.047143442	0.047898695	0.051835629	0.050880561	0.051447787	0.067936215
20210831	0.023640157	0.023888471	0.023966366	0.024731725	0.02694095	0.028262098	0.030169253	0.037848603	0.043058469	0.047353791	0.048143016	0.047515573	0.04726205	0.04709863	0.047331992	0.048069746	0.052215241	0.051037107	0.051637373	0.068301506
20210830	0.023362037	0.023809246	0.02369089	0.024731725	0.027287087	0.028683541	0.029617959	0.037834633	0.043008882	0.047488604	0.048489917	0.047667458	0.04735682	0.047382647	0.047721794	0.048558718	0.052777739	0.051759502	0.051969629	0.070703476
20210827	0.023528909	0.023706283	0.024131651	0.024788062	0.027056329	0.028595673	0.029618925	0.037441952	0.042467452	0.047057488	0.047931972	0.047280024	0.047121791	0.046976492	0.047370818	0.048151608	0.052567117	0.051757595	0.051986427	0.068769392
20210826	0.023362037	0.023538691	0.0235807	0.024788062	0.026767882	0.028570745	0.029496234	0.036939481	0.042170879	0.046807652	0.047618633	0.047042483	0.0467897	0.046652002	0.047028792	0.047804	0.052477593	0.051752411	0.052235322	0.072597498
20210825	0.023362037	0.02337175	0.02336032	0.02433737	0.02607561	0.028197608	0.029070558	0.036664553	0.041980981	0.046671946	0.047575773	0.046975702	0.046578481	0.046169818	0.046625298	0.047404855	0.052432383	0.051509884	0.051935077	0.070262356
20210824	0.023362037	0.02337175	0.02336032	0.02433737	0.02607561	0.027902526	0.028766528	0.03676019	0.041823003	0.046567494	0.047406025	0.046799205	0.046362422	0.046274058	0.046509764	0.047044834	0.05216498	0.051104696	0.050673057	0.068540651
20210823	0.023362037	0.02346985	0.023305225	0.023943015	0.025902542	0.027621493	0.028766509	0.037253894	0.042362485	0.047106939	0.0478663	0.047190109	0.046921579	0.046533072	0.046796476	0.047513213	0.052016284	0.050818788	0.050155439	0.067998476
20210820	0.023417661	0.023429505	0.023305225	0.023943015	0.025902542	0.027582463	0.028767325	0.037412901	0.042591325	0.047266033	0.048167722	0.047706191	0.047334075	0.046950831	0.047132985	0.047859011	0.052080921	0.051113504	0.050243893	0.068237347
20210819	0.023362037	0.023427396	0.023305225	0.024112024	0.025902542	0.027572156	0.028775504	0.03766107	0.042870928	0.047423068	0.048400091	0.047928635	0.047341325	0.046802033	0.047240633	0.047901482	0.052195413	0.051084849	0.050485182	0.063655418
20210818	0.023362037	0.02351484	0.0235807	0.023943015	0.025902542	0.027561485	0.028888046	0.037819596	0.043104139	0.047703011	0.04853641	0.048113343	0.047728126	0.047377506	0.047638667	0.048322451	0.052535933	0.050940618	0.050087843	0.068256947
20210817	0.023362037	0.023481257	0.0235807	0.024055687	0.025960231	0.027608011	0.028827229	0.037842041	0.043215254	0.047992868	0.049021027	0.048758593	0.048335823	0.047785295	0.048247093	0.049083323	0.053116752	0.051540554	0.050792696	0.069401256
20210816	0.023362037	0.02337175	0.02313994	0.024112024	0.025787163	0.027779508	0.028644778	0.037807357	0.043271073	0.048336641	0.049090342	0.048899193	0.048528309	0.048181641	0.048653649	0.049406167	0.053153363	0.051320878	0.05034659	0.070651111
20210813	0.023362037	0.02337175	0.02313994	0.024112024	0.025902542	0.02788797	0.028644778	0.037626884	0.043017298	0.048252537	0.049126077	0.048919377	0.048631364	0.048185227	0.048735234	0.049538686	0.053123246	0.051301258	0.050325225	0.07063103
20210812	0.023362037	0.02337175	0.023029749	0.02416836	0.025902542	0.027749214	0.028656102	0.037147452	0.042729186	0.048066997	0.049001858	0.048959951	0.048688281	0.04844902	0.048892752	0.049829585	0.053808645	0.052197433	0.051591981	0.068927529
20210811	0.023362037	0.02337175	0.023029749	0.024055687	0.025960231	0.02774139	0.028836212	0.036324758	0.041967892	0.047068438	0.048062336	0.047979526	0.047796953	0.047655119	0.048063789	0.048714558	0.052675144	0.050707608	0.049081776	0.066885176
20210810	0.023417661	0.023390892	0.023029749	0.024055687	0.025960231	0.027732528	0.028774909	0.036054137	0.041609885	0.046724001	0.047638178	0.047645894	0.047271738	0.047204785	0.047536472	0.048223466	0.051637846	0.049949611	0.04871512	0.064554728
20210809	0.023417661	0.023579413	0.0235807	0.024055687	0.026190989	0.027760691	0.028653956	0.035890242	0.04118062	0.046489208	0.047177833	0.04685737	0.046893343	0.04691491	0.047240558	0.047901328	0.051290707	0.04982658	0.04834738	0.065505663
20210806	0.023417661	0.023428854	0.023415415	0.023999351	0.026190989	0.027722161	0.028671988	0.035736636	0.040826696	0.046054557	0.046804906	0.04670359	0.046559517	0.04679011	0.047096221	0.04769129	0.050726948	0.048922718	0.047344261	0.064094104
20210805	0.023362037	0.023427396	0.023415415	0.023999351	0.026190989	0.027715764	0.028653736	0.035764456	0.04102302	0.045935352	0.046883599	0.046877937	0.04661825	0.046667394	0.047135933	0.047952426	0.05080955	0.048443025	0.047326981	0.065719694
20210804	0.023362037	0.023272458	0.022809369	0.023999351	0.026248677	0.027725086	0.028654807	0.035689478	0.040927146	0.045699239	0.046715206	0.046746837	0.046778287	0.047034004	0.0474008	0.04818972	0.05126616	0.048943345	0.04788286	0.063389731
20210803	0.023362037	0.023293337	0.022809369	0.023999351	0.026248677	0.027665937	0.028591722	0.035025304	0.04038225	0.045193988	0.046066482	0.046182192	0.04600654	0.046241726	0.046694749	0.047467105	0.050620081	0.04838303	0.046733056	0.064696276
20210802	0.023362037	0.022340087	0.02193193	0.024055687	0.026133299	0.027698421	0.028590955	0.034833406	0.040114387	0.04515493	0.045900411	0.046017702	0.04604022	0.046167381	0.04662944	0.047317927	0.050224679	0.048165436	0.046997064	0.06340581
20210730	0.022684377	0.022504758	0.021707467	0.024055687	0.026133299	0.027694106	0.028664484	0.034985882	0.040246413	0.045323485	0.046358446	0.046430991	0.046366676	0.046603389	0.046980797	0.047743798	0.050726392	0.048891971	0.047822339	0.064643349
20210729	0.023362037	0.022537044	0.021707467	0.02416836	0.026133299	0.027791175	0.028712164	0.035019884	0.040354978	0.045237613	0.046419436	0.046511028	0.046432863	0.046470747	0.046855319	0.04769441	0.050814312	0.04856329	0.047471079	0.06421151
20210728	0.023362037	0.022609563	0.021707467	0.024055687	0.026306367	0.027897089	0.028835214	0.03552444	0.040720417	0.045448621	0.046533645	0.046736082	0.046546823	0.04650355	0.047045957	0.047908107	0.051182659	0.04886159	0.047311079	0.065633072
20210727	0.023362037	0.022497133	0.021707467	0.024055687	0.026364056	0.02793282	0.028896694	0.035914475	0.040837192	0.045480061	0.047057322	0.046877429	0.046695392	0.046733075	0.04713486	0.047990353	0.051033306	0.048922779	0.047137321	0.065406249
20210726	0.023362037	0.022532665	0.022864464	0.023999351	0.026537124	0.027922716	0.028898038	0.036164166	0.041452252	0.04577828	0.047262169	0.047076004	0.046903449	0.046733318	0.047159271	0.048021059	0.050417255	0.048022546	0.045967465	0.0653649
20210723	0.023059949	0.022653269	0.022038038	0.024112024	0.026594814	0.027939701	0.028980719	0.036465613	0.041763893	0.046025697	0.047503643	0.047577689	0.047305382	0.047142515	0.047573686	0.048196211	0.050925137	0.049027616	0.047067958	0.065463103
20210722	0.023362037	0.022703985	0.022038038	0.02450638	0.026710192	0.028068657	0.029142194	0.036849706	0.04224218	0.04624879	0.047512993	0.0477189	0.047552217	0.047499668	0.047687788	0.048152619	0.050815901	0.048963721	0.046521869	0.069539533
20210721	0.023362037	0.022764335	0.022038038	0.02450638	0.026825571	0.028151267	0.029263165	0.036628959	0.041815955	0.045838773	0.046920997	0.047417349	0.047138543	0.047199458	0.047357222	0.047939296	0.050644682	0.048292574	0.046018226	0.067033692
20210720	0.023362037	0.022744218	0.022258418	0.02450638	0.026883261	0.028141675	0.029324298	0.036835622	0.0419339	0.046029215	0.047447297	0.047838764	0.047361189	0.047525394	0.047874688	0.04846842	0.051800902	0.049068181	0.046652058	0.069839153
20210719	0.023152635	0.02298355	0.022313513	0.02450638	0.026594814	0.027979686	0.029177066	0.036794924	0.041678303	0.045465234	0.046820876	0.046832763	0.046672532	0.046828128	0.047247434	0.047936481	0.051110161	0.04830443	0.046790471	0.068201121
20210716	0.023362037	0.023037867	0.022313513	0.02450638	0.026421745	0.027944224	0.028960449	0.036361451	0.041141497	0.044822875	0.045861415	0.045895521	0.045427928	0.045374749	0.046092095	0.046899328	0.050033247	0.04776654	0.047352217	0.063799232
20210715	0.023362037	0.023085562	0.022258418	0.02450638	0.026364056	0.027963675	0.028777931	0.03618442	0.040667593	0.044141879	0.04509952	0.044890338	0.044906695	0.044849836	0.045536757	0.046178891	0.049559363	0.048117641	0.04793473	0.065846641
20210714	0.023695781	0.023094327	0.022258418	0.024055687	0.026248677	0.02771072	0.028656267	0.035912839	0.040339729	0.043654838	0.044509396	0.044041701	0.044151162	0.044175154	0.045023539	0.0464753	0.048750447	0.046590688	0.046201032	0.068212131
20210713	0.023695781	0.023117036	0.022313513	0.024224697	0.026248677	0.027702938	0.028596374	0.035907212	0.040369048	0.043760164	0.044589393	0.044189365	0.044126913	0.044038979	0.044982602	0.04562376	0.049257135	0.047476603	0.047219955	0.064692655
20210712	0.023556181	0.02331938	0.022313513	0.023830342	0.026248677	0.027679652	0.028619703	0.035724585	0.040266473	0.043446907	0.044166782	0.044027184	0.043559452	0.043478621	0.044495232	0.045795991	0.04859053	0.047311338	0.047016707	0.059791185
20210709	0.023695781	0.02337175	0.022313513	0.02416836	0.026190989	0.027626244	0.028597645	0.035749279	0.040378061	0.043700323	0.044605555	0.044266159	0.043993462	0.043710728	0.044797061	0.046050456	0.049114451	0.047661561	0.04668437	0.060937983
20210708	0.023695781	0.023419444	0.022313513	0.024224697	0.02607561	0.027672759	0.028523418	0.035573038	0.040302677	0.043522431	0.044618125	0.044470098	0.043595777	0.043323913	0.044318097	0.04539007	0.048855456	0.047003458	0.04640819	0.05898403
20210707	0.024029524	0.023428209	0.022313513	0.024224697	0.02607561	0.027665155	0.028462632	0.035396676	0.040026416	0.043821898	0.044735148	0.044768623	0.043781122	0.043381262	0.044160164	0.045167859	0.048638152	0.046517471	0.044673494	0.059639835
20210706	0.024029524	0.023485636	0.023029749	0.024393707	0.025844852	0.027678046	0.028584259	0.036012801	0.040765789	0.044983396	0.045605494	0.046111227	0.045428154	0.04503329	0.045774239	0.046727484	0.049598716	0.047335442	0.046669995	0.059836569
20210705	0.023889924	0.023653262	0.022478798	0.024731725	0.025902542	0.027702479	0.028586911	0.03685095	0.041683478	0.045717317	0.0463663	0.04659696	0.046126157	0.045845898	0.046440093	0.047373786	0.050287229	0.048124835	0.046608846	0.066050733
20210702	0.024029524	0.023705632	0.022478798	0.024788062	0.025671784	0.027694004	0.028584284	0.036992816	0.041594175	0.045611964	0.046280146	0.046502033	0.045728743	0.045676163	0.04609738	0.046952257	0.049600101	0.047588285	0.046491864	0.065764294
20210701	0.024029524	0.023753327	0.022478798	0.024788062	0.025787163	0.027624388	0.028523418	0.036491128	0.040823618	0.045077402	0.045792366	0.045476358	0.044899741	0.044737875	0.045132308	0.045936424	0.048489933	0.04644013	0.045156604	0.065058014
20210630	0.024085148	0.023794538	0.022754274	0.024562716	0.025787163	0.027613848	0.02870585	0.036320949	0.040525732	0.044828366	0.045369801	0.044972828	0.044597495	0.044189341	0.044593706	0.045403566	0.048126527	0.046646292	0.04606941	0.058699108
20210629	0.024085148	0.023818222	0.023745985	0.025351427	0.02607561	0.027767398	0.028705802	0.035975735	0.040317418	0.044167923	0.044885555	0.04437903	0.043811052	0.043510425	0.04422644	0.045142756	0.047541699	0.046194493	0.045807703	0.059590298
20210628	0.024015345	0.023902032	0.02313994	0.025182417	0.026248677	0.027874452	0.02876789	0.035584033	0.039866051	0.043715056	0.044395691	0.043881069	0.043312442	0.043006332	0.043701199	0.044642941	0.047322759	0.046157146	0.045976864	0.056835633
20210625	0.024085148	0.02392822	0.02313994	0.025238754	0.026306367	0.027930236	0.028836661	0.035072974	0.039431354	0.04315808	0.0439102	0.043323163	0.043145376	0.042633117	0.04322679	0.044140152	0.046848672	0.046073155	0.046342243	0.062863657
20210624	0.024085148	0.023934547	0.02369089	0.02529509	0.026306367	0.027926422	0.028888046	0.034866418	0.039140622	0.043182678	0.044025989	0.043436975	0.0432527	0.042530837	0.043269128	0.044229161	0.047545735	0.047242999	0.04793927	0.060351805
20210623	0.024140772	0.023977	0.02313994	0.02529509	0.026364056	0.027984718	0.028948863	0.034546365	0.038713142	0.043130877	0.044234683	0.043546777	0.043353412	0.042609898	0.043519427	0.044566844	0.048097241	0.04739136	0.047616419	0.063114207
20210622	0.024140772	0.023689243	0.022919559	0.0254641	0.026537124	0.027975575	0.028827229	0.034260561	0.038392111	0.042998291	0.043901615	0.043193562	0.043122767	0.042378487	0.043288779	0.044380294	0.04769151	0.046770198	0.045436966	0.064744086
20210621	0.024140772	0.023828929	0.022919559	0.0254641	0.026479435	0.027977001	0.028827229	0.034277834	0.038440361	0.042944355	0.044002356	0.042996275	0.042918578	0.042500531	0.043169441	0.04412547	0.047050559	0.045503628	0.044280048	0.063028052
20210618	0.024140772	0.023872573	0.022919559	0.025576773	0.026421745	0.027962379	0.028835105	0.03440573	0.038820954	0.043425784	0.044373592	0.043576287	0.043198392	0.042901327	0.043344	0.044158738	0.046886859	0.045340873	0.044118117	0.062846843
20210617	0.024140772	0.023912321	0.022919559	0.025520437	0.026479435	0.027962505	0.02883592	0.03432539	0.039073806	0.043580721	0.044908934	0.043443383	0.043359682	0.042859234	0.043371722	0.044192555	0.046465481	0.044608274	0.043781094	0.062398046
20210616	0.024196395	0.023949905	0.022919559	0.025576773	0.026710192	0.028026166	0.028955383	0.0338734	0.038937616	0.043089585	0.04376723	0.042813131	0.042224828	0.041923195	0.042070759	0.042663451	0.045077718	0.043317917	0.042050524	0.062346094
20210615	0.024196395	0.02414935	0.023525605	0.025745782	0.02699864	0.028146223	0.029015774	0.033733775	0.038895697	0.042997292	0.043762985	0.042787535	0.042607733	0.042310635	0.042539432	0.04307712	0.044579648	0.042900149	0.041855831	0.059231464
20210614	0.02424293	0.024335856	0.024517317	0.02580212	0.027114019	0.028256882	0.029089502	0.033671081	0.038959203	0.042869024	0.043597353	0.042618936	0.042323922	0.042465884	0.04252542	0.043000823	0.044370681	0.04276851	0.041043467	0.062204495
20210611	0.024196395	0.024317748	0.024517317	0.02580212	0.027114019	0.028234234	0.029077679	0.03394263	0.039086116	0.042833414	0.043739994	0.042870739	0.042575029	0.042728035	0.042782678	0.04331075	0.044807997	0.043210951	0.041981072	0.058104698
20210610	0.024196395	0.02430185	0.024517317	0.02580212	0.027114019	0.028326792	0.029009783	0.03378423	0.038809554	0.042939597	0.043638517	0.043071008	0.042674273	0.042720678	0.042916597	0.04359517	0.044872002	0.042986529	0.041311104	0.058588444
20210609	0.024196395	0.024279463	0.024517317	0.02580212	0.027171708	0.028463816	0.029070588	0.03391771	0.038967256	0.04302439	0.04398441	0.043425571	0.04300733	0.043344406	0.043806351	0.044557345	0.046033138	0.045053023	0.042647601	0.062043873
20210608	0.024196395	0.023332323	0.024131651	0.02580212	0.027171708	0.028528182	0.02919218	0.033925332	0.03900442	0.042673197	0.043645399	0.04288151	0.042689919	0.042811651	0.043118538	0.043723333	0.045073386	0.043950203	0.040587563	0.060074893
20210607	0.024196395	0.023113147	0.024131651	0.02580212	0.027171708	0.02850727	0.029496374	0.033869786	0.038975195	0.042730805	0.043822568	0.043059679	0.042754689	0.042886033	0.043114027	0.043679161	0.045032508	0.042865698	0.039291404	0.05944752
20210604	0.024196395	0.023093514	0.024131651	0.02580212	0.027171708	0.028499995	0.029496228	0.034019794	0.038962376	0.042721189	0.043791507	0.043062786	0.042749857	0.042890053	0.043110512	0.043720254	0.04529937	0.042740451	0.039179032	0.059302596
20210603	0.024196395	0.023135694	0.024131651	0.026478157	0.027748602	0.029179039	0.028974072	0.03400187	0.038971439	0.042644424	0.043086623	0.042457378	0.042232566	0.042594666	0.042806704	0.043355391	0.044911917	0.041860939	0.038669797	0.059755128
20210602	0.024196395	0.023314155	0.024131651	0.025971129	0.027748602	0.029173334	0.028971572	0.034016819	0.038993278	0.042482706	0.043190035	0.042467056	0.042422623	0.042885974	0.043044681	0.04351725	0.044741291	0.041632455	0.039058592	0.057786964
20210601	0.024196395	0.024206455	0.023966366	0.025633109	0.027633223	0.029053944	0.029076299	0.033762075	0.038595833	0.042178822	0.042981191	0.04241398	0.042399707	0.042647845	0.042801025	0.043311606	0.044456061	0.041253299	0.038271316	0.055272828
20210531	0.023918276	0.02392822	0.02369089	0.024788062	0.027114019	0.028846025	0.027875834	0.033972011	0.038834741	0.042138063	0.042818829	0.042217207	0.042607965	0.042562235	0.042620663	0.043068284	0.044517108	0.041491343	0.038087989	0.056134462
20210528	0.023918276	0.02392822	0.02369089	0.024788062	0.027114019	0.028801736	0.029367466	0.034450557	0.039192647	0.043203095	0.04393943	0.043859028	0.043445035	0.044015498	0.044266315	0.044820099	0.046429949	0.043466422	0.04108496	0.062642652
20210527	0.023918276	0.023785129	0.023029749	0.024900735	0.027114019	0.02862839	0.029420997	0.034892261	0.040093578	0.04484125	0.045320163	0.045135727	0.04469354	0.04573945	0.045957846	0.046540835	0.047943805	0.045957798	0.043598281	0.062642083
20210526	0.023918276	0.023818711	0.023029749	0.024844398	0.026825571	0.028447088	0.029448735	0.034709571	0.039585212	0.043637827	0.044330077	0.043713276	0.043665383	0.044142594	0.044407227	0.044927165	0.045995972	0.044102478	0.042646204	0.063654939
20210525	0.023918276	0.023569352	0.023029749	0.024619052	0.026767882	0.02829315	0.028877579	0.034257277	0.039254759	0.042694619	0.043520751	0.042593643	0.042566437	0.042590786	0.043123722	0.043794299	0.045312082	0.043784432	0.042705249	0.060481121
20210524	0.023825211	0.023672016	0.023029749	0.024562716	0.026767882	0.028127836	0.028233929	0.034557618	0.039465246	0.043061668	0.043754661	0.043309479	0.042509947	0.04259988	0.042994658	0.043617791	0.045688414	0.044234431	0.042970059	0.063809828
20210521	0.023918276	0.023705632	0.022864464	0.0254641	0.026767882	0.028115315	0.028792898	0.034321096	0.039163636	0.042839984	0.04351559	0.042981574	0.042173111	0.042376274	0.042690994	0.043328848	0.045082614	0.04374693	0.041962276	0.06826426
20210520	0.023862652	0.023733371	0.022919559	0.025520437	0.026825571	0.028115399	0.028741252	0.034526092	0.03914147	0.042760831	0.043832723	0.043075376	0.042136388	0.042554818	0.042805263	0.043372032	0.045433432	0.044187247	0.04266566	0.064753399
20210519	0.023918276	0.023754411	0.022919559	0.025520437	0.026594814	0.02791429	0.028502333	0.033752501	0.03831289	0.041660011	0.042773303	0.041847635	0.041373883	0.041894187	0.042220539	0.042728764	0.044628349	0.043107035	0.042809827	0.061755786
20210518	0.023918276	0.023624187	0.023195035	0.025520437	0.026537124	0.02772672	0.028322807	0.033348761	0.037518991	0.040634535	0.04129122	0.040955744	0.040449207	0.040760022	0.040780108	0.041092298	0.042605524	0.041433061	0.041095405	0.056070322
20210517	0.024117505	0.02408643	0.02369089	0.025407764	0.026537124	0.027751196	0.028300621	0.033631539	0.037850304	0.040833916	0.04167279	0.041676735	0.041184534	0.041604858	0.04156819	0.041866792	0.04314311	0.042713158	0.041649621	0.057003147
20210514	0.024140772	0.024095161	0.02369089	0.025407764	0.026594814	0.027751196	0.028391835	0.033960901	0.038137971	0.041106558	0.042370653	0.042535418	0.041554624	0.042154634	0.042138534	0.042475591	0.044032229	0.043321426	0.041453637	0.063932499
20210513	0.023918276	0.023832824	0.02313994	0.025407764	0.026594814	0.02766247	0.028331486	0.034041026	0.038086769	0.040859587	0.041800311	0.041668822	0.041258294	0.041600839	0.041544313	0.041842399	0.042725733	0.043128241	0.042087076	0.057528993
20210512	0.024140772	0.024150807	0.023745985	0.0254641	0.026652503	0.02765708	0.028332259	0.033556687	0.037089552	0.040479888	0.041288353	0.040675758	0.040696493	0.041157032	0.041116275	0.041354307	0.042251577	0.042813244	0.041688733	0.06541026
20210511	0.023918276	0.024142695	0.024241842	0.02529509	0.026248677	0.027362177	0.028031732	0.033911842	0.037515154	0.040962538	0.041944647	0.041785367	0.04104782	0.042052542	0.042157962	0.042527967	0.043580877	0.044195367	0.043572957	0.059705202
20210510	0.023962268	0.024062974	0.024241842	0.02529509	0.026248677	0.027355935	0.027934042	0.033308518	0.036567782	0.040281127	0.041478046	0.041168095	0.040399816	0.041682173	0.041879727	0.042297728	0.043090298	0.043199813	0.042675474	0.057012091
20210507	0.023918276	0.023983866	0.023966366	0.024900735	0.025960231	0.027054653	0.027666179	0.032785017	0.035981242	0.039447774	0.040274568	0.039678856	0.039596853	0.040027147	0.040245894	0.040710526	0.041869382	0.041232337	0.039294349	0.054503801
20210506	0.023918276	0.023828929	0.023415415	0.024900735	0.025960231	0.027051782	0.027545354	0.032596719	0.035957142	0.039375954	0.039999902	0.039259548	0.039354736	0.039715584	0.039845573	0.040270649	0.041817004	0.04057391	0.038366516	0.053144315
20210505	0.023918276	0.023534796	0.022974654	0.024844398	0.025902542	0.027050034	0.027727531	0.032243547	0.035594795	0.038825578	0.039387053	0.038630638	0.038708266	0.039242296	0.039403498	0.039825954	0.041222462	0.040011016	0.037942423	0.051236053
20210504	0.023918276	0.022927224	0.022588988	0.024112024	0.024979511	0.026763146	0.027606615	0.032180424	0.035418339	0.03860537	0.039307473	0.038713853	0.038819466	0.039255354	0.039413389	0.039830135	0.041394391	0.040171529	0.038138087	0.051503228
20210503	0.023918276	0.023274734	0.022588988	0.024055687	0.024979511	0.026741625	0.027443005	0.032130556	0.035026873	0.03832431	0.039216806	0.038818896	0.038931847	0.039366694	0.03952056	0.039978047	0.041740636	0.040564632	0.03834767	0.056709558
20210430	0.023918276	0.02337175	0.022588988	0.024055687	0.024979511	0.026497916	0.027225044	0.031934289	0.035048353	0.038217674	0.038791634	0.038654811	0.038698844	0.039217886	0.039504874	0.040064783	0.042165591	0.041565906	0.040282862	0.054395666
20210429	0.023918276	0.023193289	0.021817657	0.023717668	0.024921821	0.026013052	0.027245988	0.031421309	0.034365999	0.037681399	0.038436206	0.038052261	0.038228063	0.038974661	0.039134772	0.03959035	0.041430169	0.041056247	0.040128955	0.052798998
20210428	0.023918276	0.023225465	0.021707467	0.023717668	0.024921821	0.026012801	0.027124355	0.031139963	0.03419154	0.037437339	0.038194645	0.038079059	0.038277569	0.038910567	0.039011102	0.039400684	0.041234543	0.04097546	0.040932143	0.051322875
20210427	0.023569275	0.023284467	0.022038038	0.023661332	0.024921821	0.025952005	0.026394552	0.030371438	0.033837339	0.036554195	0.036840378	0.036859827	0.037108785	0.037448551	0.037510376	0.037915507	0.039493322	0.038084581	0.038066176	0.047519359
20210426	0.023918276	0.02337175	0.021707467	0.023492323	0.024691064	0.025841436	0.026393123	0.030197824	0.03354785	0.036314787	0.036507014	0.036145835	0.036512149	0.036988414	0.036866994	0.037148093	0.038790787	0.036896646	0.036711559	0.046799496
20210423	0.023918276	0.023451247	0.021652372	0.023492323	0.024575685	0.025842701	0.026393189	0.03016535	0.033594894	0.036429189	0.036522203	0.036472615	0.036800691	0.036807004	0.036679767	0.037027369	0.038607379	0.036938811	0.03675032	0.047901839
20210422	0.023918276	0.022851944	0.021597277	0.023266976	0.024402617	0.025722076	0.026150456	0.029940648	0.033553906	0.035940441	0.036100646	0.036090074	0.036149902	0.036373699	0.036365104	0.036752414	0.038313213	0.037162842	0.036356983	0.047240305
20210421	0.023918276	0.022306832	0.021652372	0.02337965	0.024517995	0.025781756	0.026211219	0.029676684	0.032925454	0.035679369	0.035747559	0.035541006	0.035598961	0.035728497	0.035773483	0.036180191	0.037883519	0.036626855	0.03575571	0.047346944
20210420	0.023417661	0.022544667	0.021652372	0.02337965	0.024517995	0.026175262	0.026325536	0.029929956	0.032889094	0.035567913	0.035828267	0.035692356	0.035683057	0.035621311	0.035637921	0.036065979	0.037507914	0.036134563	0.035220527	0.046646627
20210419	0.023918276	0.022648338	0.021487086	0.02337965	0.02509489	0.026761367	0.027122463	0.029786543	0.032888057	0.03535409	0.035892642	0.035793151	0.035695787	0.035637454	0.035469321	0.035760048	0.037307161	0.035766218	0.034435252	0.046591494
20210416	0.023918276	0.022768881	0.021487086	0.02337965	0.025383337	0.02685806	0.027608574	0.030326667	0.033478277	0.036112353	0.0365106	0.036231166	0.036107499	0.0359658	0.03584565	0.036181021	0.037324637	0.035453389	0.033396334	0.047291805
20210415	0.023408389	0.022719884	0.021487086	0.023999351	0.025671784	0.027008633	0.027791273	0.030899777	0.034135577	0.036399269	0.036527886	0.03601729	0.035948593	0.03580978	0.035783021	0.036134007	0.036840681	0.034468752	0.032940146	0.044697911
20210414	0.023523124	0.022952237	0.021156517	0.024112024	0.025787163	0.026993755	0.027837421	0.030722987	0.034205082	0.036288669	0.036473684	0.036016066	0.035800068	0.035466711	0.035284371	0.03553313	0.036622353	0.034258813	0.032509855	0.044001891
20210413	0.023918276	0.023037867	0.021156517	0.024112024	0.025729474	0.027275641	0.027973833	0.030710304	0.03412645	0.036285319	0.036524329	0.035956175	0.035628498	0.035284499	0.035157457	0.035473363	0.036310029	0.033965147	0.032025012	0.042406137
20210412	0.023918276	0.023130019	0.021266707	0.024562716	0.025729474	0.027266224	0.028095425	0.031209656	0.034622185	0.037023202	0.037140503	0.036792921	0.036325635	0.036045653	0.035818901	0.036024957	0.036901702	0.034218038	0.031990835	0.045308216
20210409	0.023918276	0.0231086	0.021156517	0.024450043	0.025729474	0.027261617	0.028156655	0.03154707	0.034715653	0.037355598	0.037318831	0.037020811	0.036464869	0.036151551	0.036001158	0.036249196	0.036890622	0.034330333	0.031769239	0.043142526
20210408	0.023918276	0.023226711	0.022809369	0.024675389	0.026248677	0.0274027	0.028217472	0.031513768	0.034799202	0.037226846	0.0371422	0.036834247	0.036379289	0.036004275	0.035726911	0.035871244	0.036395591	0.034198029	0.031457916	0.042633339
20210407	0.023845554	0.023611015	0.022809369	0.02450638	0.026250738	0.027396506	0.02820641	0.031649445	0.034844312	0.037234222	0.037359861	0.037229047	0.036726881	0.036161868	0.035845002	0.035989883	0.036543056	0.034246224	0.031515462	0.042743054
20210406	0.023918276	0.023705632	0.022809369	0.024788062	0.026252116	0.027394405	0.028217667	0.031524334	0.034735638	0.037020249	0.037318026	0.037008573	0.036472009	0.035999629	0.0356971	0.035860205	0.036326296	0.033887988	0.031323822	0.043365253
20210405	0.023918276	0.023367531	0.022203323	0.023943015	0.026190989	0.027455093	0.028339259	0.031361999	0.034829827	0.037115967	0.037212188	0.036992924	0.036556995	0.035940171	0.035593761	0.035755864	0.035996348	0.03344888	0.031384471	0.042580448
20210331	0.023918276	0.023506404	0.022203323	0.023661332	0.02607561	0.027492972	0.028339306	0.031362858	0.034737649	0.037096468	0.037167051	0.036831394	0.036530569	0.036028217	0.035654065	0.035766435	0.036313468	0.033708535	0.031144088	0.043116625
