DATE 	1	7	30	90	180	270	360	720	1080	1440	1800	2160	2520	2880	3240	3600
20220331	1.920597568	1.96394394	2.074284671	2.307228749	2.365463529	2.462065007	2.545069142	2.782139462	2.904358766	2.986545195	3.014051485	3.059627694	3.112996922	3.170555903	3.232499139	3.297026486
20220330	1.912260769	1.960612962	2.073886547	2.307380963	2.367677107	2.462022916	2.545085546	2.776116749	2.898075675	2.969957721	2.986522467	3.02763548	3.07666253	3.133020228	3.19393149	3.257335984
20220329	1.920327337	1.966791176	2.073757286	2.309708545	2.367626115	2.462014398	2.545078882	2.77615988	2.89162618	2.969952451	2.98674603	3.027835858	3.076839699	3.131840195	3.191200432	3.252957719
20220328	1.908751812	1.958053333	2.074524235	2.307064607	2.363016354	2.461702221	2.542419962	2.776219185	2.888438202	2.973377438	2.986919127	3.033270565	3.088221122	3.141205188	3.197734226	3.25649517
20220325	1.915810059	1.963510468	2.072762406	2.304722232	2.362983815	2.45907051	2.539739	2.770218037	2.885324301	2.973559753	2.994144295	3.039061821	3.092064827	3.142279585	3.195822909	3.251421379
20220324	1.911525097	1.957287753	2.072762406	2.304722232	2.362983815	2.45907051	2.539739	2.770218037	2.885324301	2.973540257	2.997590595	3.04818742	3.107193364	3.162219533	3.220742455	3.281632555
20220323	1.911776774	1.960461741	2.072762406	2.304722232	2.362983815	2.45907051	2.539739	2.770264942	2.878905403	2.970532591	2.990855953	3.041164106	3.100061719	3.154900781	3.213209811	3.273868234
20220322	1.915810059	1.963510468	2.072762406	2.304722232	2.363622441	2.463948093	2.542451232	2.776232664	2.885160581	2.980038774	3.004409516	3.055095408	3.114224748	3.169445413	3.228189145	3.289317106
20220318	1.915810059	1.963510468	2.072762406	2.304722232	2.363622441	2.463948093	2.542436365	2.779168811	2.897928595	2.993421514	3.017901005	3.072445145	3.13584034	3.18919874	3.245447328	3.303941038
20220317	1.907743491	1.957412603	2.072762406	2.304788081	2.366473674	2.469188462	2.547753693	2.800137515	2.923301977	3.012935507	3.037481177	3.088737254	3.148599292	3.202129798	3.258911667	3.317978106
20220316	1.918581329	1.961882887	2.072129888	2.304959857	2.366475131	2.468784084	2.545075294	2.797121575	2.923372833	3.013080938	3.034123696	3.079656825	3.133463431	3.188937292	3.24847563	3.31046204
20220315	1.917826701	1.964255859	2.071043665	2.304661634	2.360780922	2.461350958	2.539749252	2.776131845	2.90451336	2.986844486	3.007317347	3.056101139	3.113366369	3.165780757	3.221478359	3.279373827
20220314	1.923876627	1.969608745	2.072762406	2.304655908	2.36029576	2.454803253	2.526502326	2.752245863	2.87292506	2.960866225	2.974234079	3.033053369	3.101588031	3.148974651	3.197890468	3.248592882
20220311	1.919843344	1.966559606	2.072762406	2.304655908	2.36029576	2.455256236	2.529046421	2.752229688	2.872881579	2.960753464	2.988048549	3.044085201	3.108798875	3.161468204	3.216776703	3.274257304
20220310	1.917826701	1.965570696	2.074906416	2.304716506	2.362062543	2.450286453	2.526334189	2.743233627	2.866625327	2.954382462	2.974608028	3.033736191	3.102199655	3.154948317	3.210001132	3.267205196
20220309	1.911525097	1.957287753	2.072762406	2.304722232	2.362065458	2.449549855	2.520936895	2.746245253	2.872979811	2.974571968	2.988408873	3.056503818	3.13526534	3.193629251	3.25421509	3.317316361
20220308	1.912785096	1.960111502	2.070085409	2.304882081	2.362669117	2.455621529	2.531712004	2.75509413	2.891844115	3.001026039	3.029304225	3.104279747	3.189934716	3.258474242	3.330188096	3.405186915
20220307	1.911252448	1.959595621	2.072781364	2.304591014	2.357802935	2.452657598	2.526270112	2.767128774	2.911061088	3.021011626	3.049507648	3.124864362	3.211022006	3.28301416	3.358686392	3.437934784
20220304	1.910768453	1.959431627	2.071668858	2.299836124	2.355810811	2.452241695	2.523842381	2.773196776	2.914244772	3.027597085	3.063299914	3.142946897	3.233466221	3.307784271	3.385769614	3.467511888
20220303	1.909356804	1.957989879	2.070167706	2.30003844	2.363409242	2.460515145	2.534302234	2.7880096	2.942781439	3.053995301	3.096986751	3.18140646	3.276900213	3.352896624	3.43242247	3.51584985
20220302	1.907493023	1.953166883	2.068452411	2.300043211	2.363411185	2.461327407	2.53966057	2.793995652	2.949037154	3.063929871	3.103658312	3.188049679	3.28375351	3.362825884	3.445897393	3.533134193
20220301	1.906533505	1.954766445	2.067757848	2.300154866	2.360880965	2.459135652	2.539711318	2.782076383	2.923557488	3.027084391	3.062524256	3.142244852	3.232831248	3.30718171	3.38519842	3.466972642
20220228	1.909760133	1.95805251	2.071227647	2.304989442	2.365518892	2.460860394	2.536967817	2.788023617	2.936304031	3.047234905	3.079604863	3.16132399	3.254401061	3.323987375	3.396310658	3.472008583
20220225	1.909356804	1.957635107	2.070807548	2.304663065	2.360540526	2.45830485	2.534354008	2.772961711	2.930232434	3.020681247	3.052031436	3.131411477	3.221786768	3.287460517	3.355486605	3.42657156
20220224	1.907743491	1.955966735	2.069127584	2.304667837	2.360301588	2.454807262	2.526504889	2.770137166	2.91106914	3.014152696	3.042377355	3.117643553	3.203667868	3.262986184	3.324086189	3.387775595
20220223	1.912533016	1.957553111	2.070129789	2.304664974	2.360300131	2.455258741	2.529003874	2.761127087	2.898292	3.000887458	3.028970143	3.100291892	3.181924551	3.243099494	3.306705216	3.373050327
20220222	1.911776774	1.959390834	2.068452411	2.299579889	2.345126094	2.437047732	2.510223298	2.734343238	2.873302957	2.981683822	3.030622389	3.100994416	3.180347879	3.242533907	3.307508443	3.375310276
20220221	1.908751812	1.955991457	2.065775845	2.299588955	2.345130466	2.436645359	2.507564378	2.728358264	2.867054757	2.968548207	2.996141726	3.063118689	3.139861218	3.198115223	3.258764316	3.321936778
20220218	1.905202521	1.953390212	2.066372169	2.299587524	2.344888613	2.435625647	2.515584198	2.73439769	2.863667632	2.968273154	2.996026665	3.063015376	3.139768285	3.198027634	3.258682596	3.321859451
20220217	1.910768453	1.957058655	2.063474137	2.295036858	2.349583847	2.436603769	2.507505941	2.73740123	2.870243272	2.961557545	2.988820673	3.048429121	3.117063579	3.17286095	3.231405444	3.29232508
20220216	1.916041166	1.959134953	2.064657306	2.295032086	2.349660094	2.436602266	2.507504915	2.737400691	2.870242735	2.961557018	2.988820168	3.048429121	3.117063579	3.17286095	3.231405444	3.292324672
20220215	1.912785096	1.959092925	2.06568407	2.299721129	2.349159877	2.433968051	2.504776281	2.737399612	2.873438228	2.971664418	3.002718411	3.062670362	3.131529217	3.18769872	3.246665084	3.308043372
20220214	1.907743491	1.954948569	2.064725815	2.299723992	2.349161334	2.433969053	2.504806525	2.731350481	2.87353646	2.965154836	2.988925642	3.048349354	3.116992619	3.175511069	3.237172004	3.301402718
20220211	1.911776774	1.95805045	2.064634039	2.299525493	2.34239773	2.431408998	2.502163496	2.725542883	2.848137312	2.93517619	2.955109612	3.012047337	3.078046923	3.136702492	3.198708516	3.263278674
20220210	1.907743491	1.956341696	2.068452411	2.299646214	2.3469429	2.433983584	2.504802937	2.734474248	2.860715304	2.955001067	2.975337762	3.03804071	3.110426822	3.169015833	3.23040956	3.294352235
20220209	1.913541337	1.956861285	2.066297629	2.297306703	2.346996806	2.433994107	2.504810625	2.7344791	2.860718524	2.95494574	2.985706437	3.052722589	3.129252565	3.189934223	3.253372906	3.319504271
20220208	1.905726848	1.95428188	2.066297629	2.297240856	2.344900269	2.434013149	2.50485471	2.728438056	2.860675581	2.968706283	2.975638033	3.041264535	3.117693972	3.176766808	3.238355887	3.30251214
20220204	1.907743491	1.955270789	2.064142416	2.294900867	2.34515669	2.436270546	2.50501157	2.734383672	2.873397432	2.98187562	3.009835583	3.075183163	3.150196106	3.211354383	3.2755055	3.342410196
20220203	1.903750539	1.951888717	2.064860246	2.300099038	2.357356626	2.447365115	2.520900499	2.758161288	2.904703384	3.034831185	3.078160032	3.149015414	3.229508518	3.298786361	3.371875929	3.448374576
20220202	1.911776774	1.958319928	2.064142416	2.295099843	2.352753178	2.445267565	2.520932794	2.755124861	2.91126131	3.028135071	3.077966748	3.14363212	3.217994791	3.287917388	3.362296894	3.440165428
20220201	1.89136392	1.935601785	2.064142416	2.295099843	2.352753178	2.445267565	2.520962525	2.749070338	2.911289223	3.031719189	3.07815448	3.143625396	3.217988383	3.287912106	3.362290967	3.440159322
20220131	1.89766028	1.946710539	2.062700725	2.295230107	2.352755607	2.444864691	2.518257471	2.752136957	2.908055081	3.034991368	3.092291426	3.154764382	3.225255992	3.290916985	3.360752681	3.433769366
20220128	1.898668601	1.948143221	2.063049299	2.290280059	2.347193979	2.434022669	2.504861887	2.728255827	2.886077413	3.019049373	3.072708731	3.134579562	3.204563788	3.26815306	3.335624813	3.40610587
20220127	1.897418283	1.94686588	2.061719633	2.289896424	2.338285273	2.41650767	2.491386335	2.707486065	2.861106622	2.976113212	3.018074607	3.074908302	3.13980445	3.198531162	3.260799695	3.325693587
20220126	1.906372173	1.953870246	2.062642126	2.284804181	2.332068507	2.418027968	2.486209977	2.704628093	2.845390036	2.942693773	2.976770988	3.032729978	3.096926232	3.157205386	3.221261144	3.288024954
20220125	1.903460546	1.94845514	2.059811309	2.28501938	2.334284514	2.418440363	2.488777139	2.704699798	2.832467964	2.946021279	2.977228711	3.032966876	3.097138194	3.154693912	3.215633467	3.279083246
20220124	1.9124221	1.958978788	2.064786137	2.285386316	2.33949599	2.424368224	2.499467155	2.7224671	2.867168019	2.989020142	3.031437914	3.088497474	3.153687304	3.212833273	3.27557325	3.340978044
20220121	1.906735169	1.954241087	2.063028186	2.285391087	2.339498418	2.423631625	2.494146752	2.710549448	2.848268824	2.959218016	2.987010469	3.033643932	3.088112164	3.14349703	3.202818233	3.26454234
20220120	1.903710206	1.951151155	2.059811309	2.285400153	2.339503275	2.423634632	2.494148803	2.710550526	2.848438986	2.935681508	2.969441859	3.014455235	3.066671452	3.120015226	3.177176331	3.236593961
20220119	1.900685243	1.949132131	2.060904857	2.289918373	2.338286243	2.41613937	2.488711525	2.704714355	2.829468935	2.915865589	2.942508841	2.979608238	3.023534116	3.072590343	3.125546594	3.180479875
20220118	1.90144471	1.945060295	2.061977294	2.289614422	2.334498684	2.420608567	2.488882737	2.695710746	2.819901245	2.91614591	2.936153195	2.976399791	3.024144825	3.073456552	3.126360409	3.18123848
20220117	1.907622492	1.955147176	2.063961019	2.282302913	2.328629156	2.407116796	2.472797477	2.660474825	2.766539792	2.850611161	2.869637941	2.912643612	2.963157778	3.012406942	3.064911557	3.119324963
20220114	1.905726848	1.953210972	2.061945409	2.282221319	2.326419949	2.406756514	2.470053976	2.663034115	2.779258421	2.863902217	2.883014368	2.926173678	2.976903748	3.02518747	3.076590333	3.129848999
20220113	1.907904822	1.9543647	2.059972455	2.282275238	2.326422862	2.406758018	2.470055514	2.663081559	2.772863142	2.863891152	2.883225316	2.928155833	2.980815212	3.033270316	3.089262029	3.147377122
20220112	1.899192928	1.947607562	2.059286509	2.282431747	2.328635469	2.405501793	2.461951114	2.657111142	2.769733674	2.877448303	2.904278579	2.951491437	3.006312052	3.058144742	3.113264869	3.170477176
20220111	1.902452628	1.945808571	2.058728962	2.282447015	2.328635955	2.40631205	2.467345333	2.671947687	2.798148491	2.903639967	2.944470945	2.996522142	3.055934615	3.106616732	3.160070581	3.215552398
20220110	1.9041942	1.951645199	2.060326199	2.284730222	2.32858302	2.405492773	2.461943937	2.663065924	2.779329814	2.870622567	2.896807138	2.962047551	3.036497245	3.077046384	3.117568513	3.159377268
20220107	1.900685243	1.949132131	2.060883745	2.284714953	2.328582534	2.405492272	2.461943937	2.657176916	2.760337218	2.850738149	2.883641657	2.949005695	3.023126215	3.063303258	3.103418658	3.144794033
20220106	1.901693564	1.950161834	2.06195575	2.284685369	2.328900147	2.407724615	2.461943937	2.654195482	2.753961263	2.850725503	2.897638812	2.960216761	3.030533912	3.073217113	3.116536214	3.161292096
20220105	1.894635317	1.945094083	2.063007074	2.280568917	2.333573527	2.404612863	2.456738361	2.642610478	2.728900291	2.811302852	2.843613304	2.90839099	2.981707011	3.023512713	3.065513663	3.108856682
20220104	1.893380158	1.937380586	2.061934637	2.279756793	2.32298254	2.393420582	2.440412685	2.627339926	2.748659956	2.782312184	2.79898097	2.857272548	2.924129676	2.961752266	2.999523208	3.038385644
20220103	1.89185235	1.94225138	2.060068969	2.283913325	2.313398299	2.389107725	2.440671553	2.621909187	2.748473154	2.818876288	2.843777318	2.908196378	2.981531673	3.031272493	3.082303965	3.135175116
20211231	1.902701885	1.950121042	2.058739735	2.284774121	2.328904517	2.408537378	2.467339694	2.663023871	2.779259495	2.867158062	2.90359477	2.958603648	3.0212918	3.074008936	3.129448837	3.187010239
20211230	1.896127631	1.945547333	2.060326199	2.284593277	2.325414174	2.399238704	2.464652068	2.657166133	2.766672378	2.8573626	2.897254265	2.948703927	3.007286256	3.056694021	3.10870887	3.162635531
20211229	1.897135953	1.946577448	2.061398635	2.284426271	2.322562455	2.393598969	2.456672746	2.639704524	2.760651775	2.844707011	2.877292068	2.922745632	2.975142582	3.022060231	3.071755298	3.123207529
20211228	1.898420553	1.942250967	2.063028186	2.284381418	2.324155377	2.406789085	2.47006064	2.666099115	2.772844892	2.863807898	2.883173336	2.922731216	2.96955053	3.01213317	3.05738696	3.104149578
20211227	1.893626995	1.944063969	2.06195575	2.284273103	2.322775169	2.411824009	2.472774409	2.663096654	2.76636963	2.870424445	2.904043914	2.951625023	3.00643108	3.050293854	3.096329335	3.143937754
20211224	1.903710206	1.951151155	2.059811309	2.284744537	2.329541201	2.41623107	2.488766374	2.707820331	2.823103716	2.909083587	2.93912209	2.985386999	3.039070095	3.093131529	3.150944181	3.211032911
20211223	1.904718527	1.952180858	2.060883745	2.284714953	2.329539744	2.415432838	2.483525939	2.698881418	2.810526261	2.896063896	2.919034234	2.964695229	3.018061547	3.067578399	3.120202611	3.174781374
20211222	1.90915514	1.956712949	2.065600912	2.284448221	2.327002239	2.413259623	2.483505434	2.68093081	2.791501458	2.889941073	2.902868569	2.953144434	3.012103251	3.067142214	3.125558028	3.18626669
20211221	1.896807644	1.941655973	2.052692902	2.275081588	2.319311535	2.402900649	2.472756981	2.675053663	2.791784881	2.890111269	2.937574308	2.979042663	3.026486025	3.083664424	3.145588764	3.210028083
20211220	1.89766028	1.944971293	2.053336191	2.274926512	2.316460788	2.397689343	2.467403258	2.66305568	2.791933035	2.897264749	2.93798409	2.989919286	3.049184779	3.099669024	3.152902923	3.208146625
20211217	1.895038645	1.942293408	2.050548461	2.275415122	2.324376346	2.406429305	2.467397619	2.680887678	2.816998838	2.950428447	2.978709373	3.030476809	3.090541263	3.148935037	3.2111956	3.276044752
20211216	1.892618674	1.940892452	2.052263755	2.275368361	2.324373918	2.407237558	2.472790813	2.680858026	2.816912415	2.950319901	2.985578254	3.037775942	3.097919202	3.160559741	3.22769332	3.297731777
20211215	1.893667328	1.94196336	2.05340039	2.280266399	2.329332372	2.413638947	2.486143338	2.692665693	2.835781014	2.956422173	3.005338084	3.054918577	3.11143078	3.171490776	3.236013102	3.30328336
20211214	1.899428472	1.942717403	2.055501745	2.280208662	2.329329944	2.414005741	2.488772525	2.704635641	2.848255405	2.989827912	3.01884118	3.067570249	3.124454799	3.193170178	3.267616759	3.345476367
20211213	1.893667328	1.94196336	2.05340039	2.280266399	2.329332372	2.414007746	2.4887146	2.716490213	2.88020389	3.009534233	3.073411213	3.135740985	3.205602541	3.280239478	3.360446124	3.44454166
20211210	1.893062335	1.941345291	2.052757102	2.280009209	2.324590516	2.411429653	2.486058244	2.710771034	2.84174901	3.003126872	3.046967711	3.104038046	3.169318047	3.245329713	3.327484559	3.41363211
20211209	1.896651959	1.945012086	2.05657375	2.280179079	2.329008932	2.411758366	2.488777139	2.698655519	2.84202975	2.969638407	3.025935139	3.0834616	3.14831591	3.226398143	3.310945345	3.39963452
20211208	1.904920191	1.951315973	2.056809436	2.284827085	2.328906946	2.411003228	2.483384458	2.698678702	2.841965872	2.989923812	3.047092362	3.119619941	3.201015362	3.287368526	3.380043703	3.477518656
20211207	1.899226807	1.94412866	2.055266059	2.27514839	2.321519771	2.403617705	2.478030223	2.692796703	2.835827177	2.976730763	3.033466129	3.105760237	3.186845467	3.267137642	3.352813131	3.4427534
20211206	1.899676921	1.945960203	2.05119175	2.275397944	2.323737235	2.402865573	2.472700594	2.680839695	2.823254553	2.963676822	3.020205772	3.088551291	3.165253221	3.252893629	3.347424262	3.446852477
20211203	1.898507269	1.944765271	2.049948259	2.274882613	2.315122831	2.402202133	2.467451443	2.68693627	2.823269046	2.970281777	3.034120668	3.110398718	3.195450777	3.278998264	3.368083778	3.461694955
20211202	1.898668601	1.946001408	2.054408627	2.275034349	2.320101197	2.406653291	2.467422225	2.686751346	2.842411406	2.983702982	3.054470441	3.142613895	3.240395057	3.33185191	3.428997424	3.531330469
20211201	1.885358762	1.935618267	2.053122049	2.275344503	2.324372947	2.406426799	2.467395569	2.68673625	2.8422552	3.003851388	3.093197284	3.195989351	3.309079592	3.409494595	3.515746477	3.627992963
20211130	1.89136392	1.934755855	2.05119175	2.275123101	2.320105567	2.4081325	2.47809635	2.692637658	2.854739791	3.027221391	3.117323908	3.224404556	3.34235907	3.44862316	3.561292088	3.680530934
20211129	1.893626995	1.941922155	2.053336191	2.275201355	2.322160825	2.408111454	2.478065593	2.695578657	2.864243604	3.044053883	3.138221233	3.247823773	3.368457921	3.47729649	3.59276745	3.715078054
20211126	1.910002129	1.954365112	2.053593421	2.27533162	2.325328215	2.416367867	2.488809433	2.71036075	2.89277061	3.063740706	3.165105301	3.275774312	3.397274284	3.507279255	3.624083604	3.747877199
20211125	1.909760133	1.954117885	2.053336191	2.275475722	2.327222237	2.413674022	2.48611053	2.704480369	2.87371843	3.036859303	3.130395523	3.236139871	3.352445369	3.463362779	3.581631922	3.706962102
20211124	1.913793417	1.956096117	2.04904774	2.275916616	2.33458173	2.418853759	2.491530892	2.69842962	2.8640305	3.030184795	3.120166639	3.227376106	3.345478534	3.453352091	3.56789067	3.689160899
20211123	1.911525097	1.953740863	2.046881755	2.270968	2.325759468	2.417839559	2.483602831	2.704554231	2.864189388	3.023341671	3.116525036	3.225738487	3.345832417	3.453849896	3.568369558	3.689620376
20211122	1.913390089	1.956754978	2.052875591	2.267270971	2.3056702	2.39825958	2.470061665	2.686757277	2.854975978	3.030946195	3.124721164	3.230207345	3.34621514	3.465535341	3.593639694	3.729664538
20211119	1.915003402	1.958403161	2.054559001	2.260518216	2.309491269	2.392933525	2.464655657	2.680866652	2.842406575	3.010820446	3.118155581	3.227953212	3.347859564	3.464520364	3.589154829	3.721402485
20211118	1.914277411	1.957661478	2.05377654	2.257938217	2.303844653	2.382891739	2.456556382	2.674950687	2.842590155	3.017960227	3.118449797	3.246781519	3.387747421	3.510295137	3.639927563	3.777679769
20211117	1.912785096	1.956136909	2.052189645	2.257707272	2.29942381	2.382929822	2.456584576	2.674873591	2.855324353	3.038260913	3.146444613	3.275818039	3.417653355	3.547337409	3.68531778	3.832233909
20211116	1.909508859	1.952862793	2.053283193	2.263154997	2.313865977	2.393258731	2.467251525	2.692674319	2.874053385	3.064663345	3.173718275	3.29238933	3.422415413	3.554511353	3.696444839	3.847694585
20211112	1.907743491	1.950987161	2.046903298	2.275657519	2.324381202	2.408837529	2.483242977	2.734438665	2.918229878	3.103822535	3.227960785	3.352701606	3.48885626	3.612208808	3.743432621	3.883053216
20211111	1.895643638	1.942911064	2.05119175	2.275123101	2.319313478	2.403640253	2.477928213	2.716554371	2.892862937	3.077360034	3.17942392	3.294188405	3.420311813	3.534411191	3.655609774	3.784209726
20211110	1.893626995	1.941922155	2.053336191	2.275063933	2.319310564	2.403637749	2.477956407	2.710601745	2.880206574	3.050319501	3.158518521	3.2769588	3.4066455	3.517495928	3.634538694	3.758603097
20211109	1.905726848	1.949998252	2.049036968	2.272855163	2.319367385	2.404388376	2.483255792	2.728482265	2.911950544	3.090404492	3.214009049	3.334556603	3.465968434	3.576201321	3.692462996	3.815742767
20211108	1.906484702	1.949772451	2.050109403	2.27282558	2.319365927	2.404387375	2.483254767	2.728482265	2.911901696	3.097222322	3.221192834	3.345737878	3.481645414	3.595731491	3.716105506	3.843877949
20211105	1.924602619	1.967137294	2.060530431	2.271989598	2.308591367	2.38913328	2.469783829	2.713670519	2.896333802	3.077550253	3.193719328	3.320987136	3.460250483	3.573725059	3.693032496	3.819621263
20211104	1.915285732	1.95869118	2.054912314	2.272007252	2.306387015	2.38915633	2.469757173	2.722681137	2.905950876	3.077230939	3.200236463	3.328084448	3.467584935	3.588795665	3.717153895	3.853618145
20211103	1.914801738	1.958197138	2.054408627	2.274485139	2.308867213	2.391375645	2.469836116	2.707633789	2.893242982	3.064120616	3.179670195	3.298954225	3.429246282	3.540953085	3.658981047	3.784142169
20211101	1.910768453	1.954077093	2.050098632	2.269674898	2.304232685	2.388819099	2.46719565	2.701785217	2.874161817	3.04407654	3.144942248	3.270261759	3.40798686	3.519419369	3.636393274	3.760384031
20211029	1.909508859	1.952862793	2.053315078	2.269586624	2.305657088	2.397846183	2.467277668	2.704701415	2.880541529	3.043986963	3.137500079	3.269929719	3.415977799	3.529783494	3.648763919	3.774948949
20211028	1.909760133	1.953046978	2.04904774	2.274907425	2.314573564	2.401064165	2.475273394	2.710508474	2.899533588	3.063988359	3.164995789	3.302354403	3.453616926	3.570686287	3.693062134	3.822986156
20211027	1.919843344	1.961300666	2.051025003	2.274848257	2.315121373	2.402939734	2.472607811	2.710461569	2.905830636	3.091121631	3.214822049	3.350674281	3.499200301	3.614754614	3.73569377	3.864101079
20211026	1.907743491	1.950987161	2.046903298	2.275525346	2.319638375	2.406997036	2.485876266	2.746231775	2.96309292	3.151235944	3.276371484	3.417948845	3.573174283	3.686131818	3.803515517	3.928119078
20211025	1.903710206	1.947773616	2.047211802	2.280480165	2.330056957	2.420127022	2.499262623	2.770131775	2.98183591	3.177672098	3.296571375	3.422889096	3.561538782	3.679079793	3.803377904	3.935511421
20211022	1.919226654	1.961611349	2.055105344	2.277342367	2.320088085	2.410550245	2.493928892	2.752265272	2.956448571	3.144120402	3.262011985	3.379645933	3.508446533	3.620223873	3.738607748	3.864239856
20211021	1.915810059	1.95922684	2.055459089	2.270351511	2.319409636	2.403652781	2.477789808	2.746344995	2.956902693	3.130945269	3.233616471	3.357541428	3.494112745	3.602937566	3.717115788	3.838158284
20211020	1.915810059	1.95922684	2.055448317	2.268024406	2.319460628	2.403661299	2.47779596	2.746442039	2.944137363	3.103482672	3.233942985	3.340114804	3.455152854	3.575794186	3.705757966	3.843956901
20211019	1.906735169	1.951027953	2.05008786	2.268171371	2.319467913	2.404773211	2.485868577	2.746396751	2.944004239	3.103492156	3.21239768	3.328514518	3.455836812	3.559660183	3.668801853	3.784335482
20211018	1.911776774	1.955106794	2.051149094	2.265540793	2.314456037	2.399956762	2.483311667	2.716488595	2.905876799	3.056913917	3.157427454	3.275593636	3.40539112	3.504589081	3.6080309	3.717339627
20211015	1.90144471	1.943932526	2.04470586	2.26380632	2.319693739	2.405164059	2.488708962	2.719442534	2.905685704	3.063520453	3.164451768	3.271379935	3.38871201	3.492324845	3.602043315	3.718134862
20211014	1.904718527	1.948968137	2.047922307	2.263797731	2.319207607	2.399194107	2.477943078	2.710463725	2.905961075	3.064036309	3.150651432	3.26032648	3.381515815	3.482250336	3.58824363	3.700291331
20211013	1.896651959	1.942870272	2.047975304	2.275485741	2.32437926	2.408098426	2.478026635	2.701308618	2.906069506	3.050633019	3.143589267	3.268652489	3.406503122	3.503366795	3.603344485	3.708905422
20211012	1.905601817	1.94842671	2.04904774	2.275594057	2.32722855	2.414416633	2.491270998	2.749346916	2.937343251	3.103317745	3.205293628	3.332373109	3.472329597	3.57761331	3.687304891	3.803451631
20211011	1.894388075	1.938408641	2.04649268	2.285173503	2.329240585	2.413259623	2.483238877	2.734333532	2.924751302	3.090181604	3.206141956	3.335805962	3.477788431	3.587752521	3.702730935	3.824627089
20211008	1.889593711	1.934589388	2.035916107	2.212977426	2.238377998	2.307083772	2.360227312	2.61601317	2.819369826	3.021298272	3.150676157	3.292282176	3.446548461	3.560088884	3.678042151	3.803144365
20211007	1.889593711	1.934589388	2.035947992	2.220368143	2.245493211	2.315160294	2.384024823	2.633810125	2.831610179	3.027176075	3.156593761	3.290811297	3.436834811	3.558413248	3.686531726	3.822696793
20211006	1.893626995	1.937638527	2.035926879	2.21502921	2.236202786	2.32619774	2.397578804	2.642771681	2.83136594	3.01997728	3.141955186	3.275503296	3.421134484	3.542133118	3.66957883	3.804990007
20211005	1.891610353	1.935578298	2.033750554	2.207835082	2.229643154	2.310473626	2.381490981	2.619096502	2.800010605	2.987097408	3.115381989	3.25229503	3.401131269	3.521463408	3.647789629	3.781955478
20211004	1.881283532	1.9257918	2.035916107	2.212016905	2.222273948	2.304551277	2.370751241	2.616227209	2.793818767	2.987312392	3.122920549	3.25652603	3.401280054	3.521289989	3.647621532	3.781792687
20211001	1.84220262	1.897961818	2.032635892	2.198011332	2.22135219	2.309104657	2.371133137	2.60414512	2.800275241	2.994355745	3.144291244	3.282941302	3.432569925	3.557022825	3.688163164	3.827622445
20210930	1.873460574	1.922394071	2.035884224	2.205175875	2.225809943	2.309780122	2.376201335	2.610110684	2.800029929	3.007666824	3.151294363	3.285936876	3.431554978	3.557207688	3.690129952	3.831533908
20210929	1.890602032	1.937761317	2.045533562	2.204911528	2.225797316	2.309771603	2.37625362	2.59811971	2.793795686	2.994405275	3.151730386	3.283248837	3.424515354	3.545077696	3.672429293	3.807741176
20210928	1.896651959	1.942870272	2.047762885	2.225109195	2.254556838	2.336336737	2.40826113	2.645478694	2.846888209	3.05690338	3.198253163	3.341832191	3.497877711	3.616538966	3.740406435	3.872006212
20210927	1.897694562	1.9419716	2.049135207	2.225895076	2.268454595	2.342188432	2.418999333	2.63939344	2.837127812	3.046682692	3.191393367	3.334953995	3.490727298	3.609069684	3.732578244	3.863777937
20210924	1.895643638	1.941840158	2.046733105	2.234718702	2.259413307	2.339900969	2.403142185	2.633514138	2.831063193	3.040339089	3.177653586	3.331989653	3.500222117	3.619765679	3.743523655	3.875007671
20210923	1.895643638	1.941840158	2.046669336	2.220349057	2.25244913	2.333995658	2.392445505	2.609648104	2.818712262	3.027678758	3.16461124	3.310796218	3.469825418	3.587521883	3.709930771	3.839908694
20210922	1.899475258	1.94575418	2.050849639	2.244736657	2.274380458	2.357021613	2.429784182	2.645050618	2.862470061	3.059859934	3.204394834	3.363868464	3.537565506	3.655976954	3.777954912	3.907536179
20210921	1.894635317	1.941881363	2.049949981	2.234904794	2.265489234	2.34969121	2.408504621	2.615352186	2.831014882	3.047527873	3.192360287	3.339703959	3.499732726	3.624651302	3.755484852	3.894693184
20210920	1.895148754	1.938383918	2.051170637	2.270194525	2.315627904	2.409043476	2.483367029	2.72207245	2.960049874	3.162196428	3.313270459	3.464861277	3.629978847	3.751731219	3.878581982	4.013570557
20210917	1.899676921	1.945960203	2.051170637	2.270469368	2.320612583	2.413379382	2.483625899	2.722168956	2.940640196	3.15193306	3.299501914	3.450460504	3.615026569	3.736128032	3.862243893	3.996414411
20210915	1.899676921	1.945960203	2.051212862	2.280600887	2.335518543	2.429786478	2.504829592	2.745933093	2.962588877	3.157677553	3.290470075	3.436713723	3.596803749	3.710974113	3.829352614	3.955061
20210914	1.903460546	1.947726231	2.055996384	2.288150498	2.349130739	2.453100559	2.54232718	2.805730536	3.019290219	3.216878184	3.351427547	3.487957582	3.637395245	3.749589026	3.866713515	3.991084226
20210913	1.899676921	1.946708478	2.056106687	2.291164712	2.361740074	2.46892489	2.574471044	2.85366478	3.066759899	3.256065828	3.391518478	3.517649055	3.655567707	3.758742749	3.866409922	3.980492629
20210910	1.901290235	1.947307593	2.053495612	2.291235331	2.361743473	2.468116135	2.569110657	2.84768951	3.057124573	3.256391994	3.388527376	3.510407103	3.643777924	3.750751013	3.863278732	3.982643915
20210909	1.897256951	1.944206125	2.053587388	2.291235331	2.360785778	2.460596822	2.563662614	2.844800268	3.047643305	3.235953254	3.356258121	3.488494324	3.634006136	3.739922972	3.850058283	3.966813703
20210908	1.89427232	1.942137655	2.054881291	2.295584159	2.356894775	2.46473029	2.561044704	2.841685667	3.057345729	3.256659668	3.399729745	3.522410548	3.65605664	3.768029836	3.886408482	4.012161193
20210907	1.894710739	1.939863986	2.055646517	2.295564118	2.356893318	2.464323908	2.558348363	2.841655475	3.063971827	3.249802845	3.384888804	3.510789598	3.648426905	3.757369051	3.871808532	3.99325952
20210906	1.898991264	1.945948666	2.055503038	2.295564118	2.356893318	2.464323908	2.558363228	2.838615813	3.063904192	3.263777319	3.392338039	3.518030587	3.655918841	3.763647738	3.876651185	3.996543423
20210903	1.907259496	1.95236051	2.05552889	2.295558393	2.356893318	2.465945927	2.569086052	2.850518369	3.089540063	3.290863168	3.420148152	3.538792996	3.668888837	3.781250069	3.900437237	4.027080995
20210902	1.903710206	1.949708583	2.056234655	2.300747974	2.366280386	2.471447362	2.577046408	2.871505943	3.115113129	3.317654995	3.455058276	3.575092129	3.706424048	3.8234733	3.948103338	4.080720657
20210901	1.917446766	1.959712642	2.053778264	2.300807142	2.366283301	2.470232226	2.569048631	2.853537543	3.083012733	3.276871834	3.40561959	3.523912663	3.653553833	3.76834938	3.890415729	4.02019127
20210831	1.913793417	1.956928448	2.053858837	2.300807142	2.366283301	2.470637606	2.571744459	2.853519212	3.083014344	3.269945456	3.39098455	3.508566219	3.637797196	3.748939812	3.866736381	3.991839168
20210830	1.917826701	1.960029917	2.053766631	2.300807142	2.366283301	2.471854747	2.579788884	2.862498021	3.095760887	3.283344532	3.40471676	3.530568376	3.669117737	3.782129483	3.9012845	4.02789251
20210827	1.905726848	1.950775781	2.053932946	2.295740668	2.359746493	2.469566282	2.563818449	2.832651326	3.038140566	3.208798378	3.320638951	3.443770191	3.579361938	3.688632728	3.8035532	3.925478197
20210826	1.907219163	1.951249634	2.051195197	2.295815104	2.358792684	2.461238214	2.553087423	2.80879931	2.993439634	3.15495021	3.258118558	3.383041304	3.520804906	3.62497481	3.7336423	3.848719764
20210825	1.909105934	1.952316833	2.053443047	2.295752597	2.358789284	2.46123621	2.553056154	2.814776197	3.006281724	3.168441496	3.271892656	3.397200375	3.53545641	3.640221479	3.74955951	3.865376953
20210824	1.903306877	1.948273016	2.051413217	2.295811287	2.358473127	2.457380344	2.542361011	2.793804258	2.980936791	3.135034702	3.244693179	3.365726642	3.498650022	3.598659784	3.702893529	3.813140142
20210823	1.913309423	1.957497072	2.057646185	2.300703122	2.366277958	2.46698418	2.547754205	2.799556324	3.006464769	3.168867248	3.286672029	3.41690467	3.559862308	3.662756087	3.769501752	3.882520889
20210820	1.907743491	1.95387931	2.060434348	2.300630117	2.366274559	2.467792434	2.553080759	2.811472358	3.031948728	3.216474563	3.336072863	3.463740219	3.604048928	3.720539372	3.843515595	3.974245115
20210819	1.905726848	1.951793947	2.058334717	2.300688807	2.365639332	2.464944755	2.563695934	2.835545421	3.0573307	3.25687307	3.385254175	3.518609617	3.665064357	3.784416042	3.910264819	4.044183828
20210818	1.900960716	1.94570391	2.057856882	2.296048912	2.36574229	2.464962293	2.563739506	2.829475264	3.057448793	3.250218587	3.367259128	3.489785006	3.624686654	3.747808194	3.879117185	4.018976034
20210817	1.905726848	1.952913887	2.062516312	2.295779317	2.363203328	2.461953264	2.558380657	2.820558994	3.038276373	3.223058441	3.335590413	3.459026295	3.595034342	3.713971949	3.840212494	3.974498662
20210816	1.909760133	1.956015767	2.062424106	2.295779317	2.363203328	2.461142506	2.55303565	2.811531664	3.032091514	3.202756701	3.317936011	3.450821856	3.597115971	3.707701184	3.823180842	3.945729409
20210813	1.903710206	1.950828523	2.060416251	2.295838485	2.363206241	2.461144009	2.553022321	2.814615534	3.025595855	3.195777105	3.314483656	3.437728103	3.572985669	3.687937736	3.809537399	3.938735903
20210812	1.90504119	1.952204757	2.06180236	2.295799358	2.363523855	2.464189617	2.558419616	2.817601821	3.025461659	3.195595317	3.314290373	3.449221237	3.597568736	3.717394088	3.843517713	3.977679601
20210811	1.905476785	1.95034849	2.062560261	2.295916739	2.365416421	2.462316052	2.561075973	2.817496689	3.038205517	3.2299316	3.357370887	3.489895527	3.635298511	3.75640161	3.884362092	4.020567316
20210810	1.905726848	1.952913887	2.062516312	2.295641896	2.360671165	2.458948747	2.553085373	2.799461436	3.025616253	3.216930877	3.336685519	3.472115723	3.621140519	3.741891747	3.869076622	4.004420071
20210809	1.899676921	1.947675962	2.060618328	2.300355273	2.360571608	2.457312196	2.542296935	2.799711596	2.999936902	3.192982843	3.323242474	3.450985234	3.590667825	3.712536193	3.841865104	3.979524431
20210806	1.904718527	1.951820318	2.061576153	2.300326166	2.360570151	2.458527332	2.550334182	2.808693639	3.009390794	3.202937435	3.322583899	3.44982189	3.589597025	3.708467918	3.834266405	3.968065973
20210805	1.899717255	1.947717579	2.060660553	2.300354318	2.360571608	2.458122955	2.547669624	2.8027119	2.999937976	3.175691929	3.294149022	3.416779735	3.551271191	3.668277722	3.792323675	3.924170986
20210804	1.900436389	1.943800259	2.061719633	2.300326166	2.360570151	2.458121953	2.547669112	2.802664456	3.006341844	3.189417168	3.308396993	3.431381366	3.566330596	3.686979978	3.815282363	3.951794597
20210803	1.893626995	1.943557976	2.062902802	2.299862368	2.355831694	2.458206135	2.547667061	2.8086559	3.019357854	3.182334295	3.300476406	3.423346553	3.558125407	3.672454712	3.793344964	3.921757608
20210802	1.899676921	1.947675962	2.060618328	2.29986857	2.355834122	2.458207639	2.547624002	2.817860068	3.006206574	3.188986146	3.300802414	3.419402426	3.549855209	3.669600801	3.797238736	3.93300688
20210730	1.909760133	1.956015767	2.062424106	2.295039721	2.35086984	2.454242035	2.550325981	2.814952495	2.9933516	3.171914433	3.286865816	3.407215899	3.539344524	3.651248461	3.769518266	3.895055394
20210729	1.909760133	1.956015767	2.062424106	2.295039721	2.351352087	2.458308358	2.547709095	2.809126028	2.958022967	3.134458251	3.259429657	3.379566646	3.510683354	3.624322072	3.744671124	3.872447375
20210728	1.923621724	1.966319795	2.064142416	2.295033517	2.351831421	2.463589314	2.553100239	2.817911286	2.993257125	3.168135882	3.315451587	3.451780019	3.599933742	3.722716336	3.852335862	3.990322769
20210727	1.921859986	1.965320997	2.062147918	2.295039721	2.351593454	2.461354966	2.55319661	2.793858172	2.964492324	3.141636497	3.273896143	3.400520303	3.53851224	3.658148637	3.784928641	3.919749579
20210726	1.921859986	1.965320997	2.062147918	2.295039721	2.351593454	2.461354966	2.553137146	2.80587772	2.980398394	3.16855373	3.316329688	3.444798031	3.584155128	3.70263422	3.828003176	3.961328864
20210723	1.920851665	1.964278109	2.061097887	2.295042584	2.35159491	2.459329071	2.539696966	2.799988173	2.967855831	3.148473296	3.281052174	3.392390827	3.513348222	3.627866571	3.750204801	3.880149836
20210722	1.909383423	1.953286789	2.061977294	2.290216597	2.346858397	2.451506601	2.531794022	2.757950485	2.930057441	3.081810936	3.197429565	3.309839979	3.432522774	3.541100536	3.65618859	3.778156748
20210721	1.914559741	1.960091724	2.062792069	2.290214211	2.3462188	2.445413883	2.521048644	2.743189418	2.891831769	3.055318928	3.163688727	3.271043088	3.388404368	3.500788856	3.620742821	3.747949233
20210720	1.921859986	1.965406702	2.061977294	2.290216597	2.344943491	2.434780814	2.510259694	2.728280088	2.879525928	3.022071791	3.129016297	3.239373785	3.359918992	3.465616329	3.577415929	3.695731552
20210719	1.924602619	1.968208202	2.064893423	2.290208485	2.345897302	2.442365769	2.515653913	2.740349238	2.872865476	3.021653416	3.121807277	3.231672937	3.352067226	3.457506633	3.569006804	3.686988042
20210716	1.920851665	1.965447907	2.065193309	2.290208008	2.345896816	2.442365268	2.515772327	2.716207165	2.866720339	3.008892443	3.101390384	3.214171833	3.338142711	3.446207196	3.560406718	3.681301345
20210715	1.919589649	1.962480354	2.064121304	2.29021087	2.346217343	2.445412379	2.521151679	2.72206652	2.885705957	3.035536204	3.15719178	3.268867284	3.390141725	3.491097276	3.597354783	3.709696992
20210714	1.915810059	1.960297747	2.059832421	2.290222323	2.345428653	2.440135431	2.515692871	2.728033703	2.904976071	3.055819503	3.170753417	3.282416091	3.404164667	3.50570089	3.612615268	3.725683078
20210713	1.917826701	1.961200951	2.057838354	2.290228525	2.345432052	2.440137435	2.515605215	2.745950345	2.936752784	3.109688747	3.22648315	3.335632014	3.454820947	3.556576517	3.664063782	3.777801862
20210712	1.926901591	1.97048393	2.067507513	2.299847576	2.355823924	2.456579606	2.536992423	2.7876721	2.993777809	3.176383776	3.287797415	3.398228211	3.519520314	3.619483985	3.724780539	3.836197058
20210709	1.910929785	1.957454632	2.063231557	2.292691143	2.351869301	2.456693855	2.536999088	2.796753883	3.000113505	3.18988244	3.294620876	3.401010915	3.518266852	3.614994494	3.716892645	3.824621392
20210708	1.880275211	1.924201303	2.057808193	2.295054513	2.351118491	2.454861379	2.539681587	2.793810727	2.987404537	3.14884583	3.244663404	3.347697928	3.461443973	3.563333205	3.671494807	3.785970718
20210707	1.89766028	1.946710539	2.062700725	2.295641896	2.361309791	2.465042968	2.563794355	2.82369624	3.018901585	3.181763641	3.271218433	3.361235203	3.461050721	3.569504055	3.686633347	3.810848044
20210706	1.893626995	1.942539399	2.058501032	2.295760231	2.361315618	2.463424958	2.553077171	2.811668065	3.012699549	3.182353792	3.264703318	3.373332832	3.494258325	3.599417277	3.71077761	3.828754656
20210705	1.891610353	1.941472613	2.060802741	2.300492694	2.36342284	2.465796102	2.569070161	2.841690518	3.044476262	3.208576544	3.291298722	3.408446999	3.538978285	3.652529728	3.772877681	3.900679419
20210702	1.903710206	1.952222063	2.064142416	2.295364189	2.363519484	2.465809632	2.569050682	2.847754746	3.047580501	3.222073099	3.319878938	3.442330548	3.578038891	3.693393789	3.815430983	3.945112025
20210701	1.907493023	1.952576009	2.064142416	2.295364189	2.363519484	2.465809632	2.56902095	2.853767755	3.057205091	3.235644478	3.333855404	3.456687592	3.592884046	3.708870214	3.831624689	3.962102121
20210630	1.897135953	1.946168286	2.062154811	2.295794587	2.364161509	2.46987896	2.566404577	2.847767146	3.044295902	3.228997896	3.327287802	3.449894929	3.585816493	3.698449749	3.817289374	3.943489403
20210629	1.883543785	1.935268852	2.060986723	2.30090496	2.370700744	2.470952289	2.574302907	2.874693329	3.095709892	3.283113211	3.38623775	3.514652517	3.657111417	3.7715334	3.891956979	4.019942199
20210628	1.890602032	1.941498984	2.064044609	2.300816208	2.371334999	2.477450386	2.587727197	2.895753148	3.11486245	3.282154217	3.381027674	3.513211429	3.660083469	3.770439635	3.885682739	4.008016938
20210625	1.881527142	1.935270912	2.067580329	2.305931831	2.38135875	2.488234783	2.60111663	2.919834297	3.130515694	3.301800466	3.408676802	3.538159187	3.681665183	3.795742327	3.91569603	4.043185918
20210624	1.879267293	1.923390398	2.061277129	2.305696592	2.373769547	2.480847256	2.59569883	2.919948595	3.130641839	3.305475215	3.397895824	3.526342182	3.669534339	3.781634317	3.899281724	4.02424436
20210623	1.888182062	1.938945536	2.061634751	2.30540457	2.368703279	2.476052855	2.593102449	2.895779565	3.108203072	3.285613978	3.377639914	3.505417839	3.647778659	3.758902082	3.875453756	3.999206687
20210622	1.899676921	1.949172924	2.064142416	2.295430514	2.366690273	2.474909374	2.585107749	2.883668903	3.10842208	3.296468024	3.403613581	3.524875626	3.659160996	3.773148736	3.89383781	4.022113427
20210621	1.903710206	1.953292969	2.068431299	2.295352737	2.364152282	2.472306226	2.582427811	2.877640798	3.105327503	3.289793518	3.396642761	3.517704313	3.65173636	3.769987607	3.895696627	4.029451234
20210618	1.89766028	1.949254921	2.070596852	2.300500807	2.382094505	2.492316138	2.598535626	2.90750744	3.146796443	3.343896714	3.452477966	3.563328943	3.686143865	3.814395725	3.952990878	4.100895356
20210617	1.896807644	1.944020704	2.069953563	2.300502715	2.382095477	2.492316639	2.598536139	2.90750744	3.146796443	3.343897241	3.452477966	3.563328943	3.686143865	3.814395725	3.952990878	4.100895356
20210616	1.891610353	1.942516325	2.06514936	2.303525995	2.379518634	2.490931133	2.603921644	2.907491266	3.146715924	3.343830849	3.452396717	3.571145119	3.702804663	3.838559315	3.985200026	4.141965917
20210615	1.914801738	1.961127607	2.067894003	2.306039669	2.384529053	2.49611989	2.609296896	2.913547406	3.139993205	3.336534046	3.452341709	3.575421768	3.711486882	3.844781225	3.988111886	4.141245161
20210614	1.906210842	1.953338294	2.063185023	2.303570847	2.379521063	2.492150779	2.611988623	2.913581372	3.139985153	3.336567242	3.445033777	3.563609087	3.695042624	3.824255003	3.963180906	4.111457647
20210611	1.917221709	1.962433792	2.066396299	2.317723386	2.386190937	2.509098548	2.606899921	2.87412292	3.10156248	3.268487991	3.389005286	3.502835032	3.627839079	3.747568314	3.875827634	4.012350845
20210610	1.912251089	1.957197103	2.070110831	2.317626046	2.38618608	2.509094539	2.606897358	2.874121302	3.101561406	3.268487464	3.389004276	3.50283455	3.627839079	3.747567435	3.87582721	4.012350032
20210609	1.911776774	1.959068614	2.069035378	2.306010085	2.384846667	2.498356242	2.609468621	2.88323867	3.114435704	3.288923044	3.413818243	3.534372672	3.666777913	3.788582905	3.918645151	4.057176998
20210608	1.915810059	1.961368654	2.064142416	2.295298341	2.361625947	2.467682695	2.566481982	2.829408949	3.06380757	3.267378298	3.399745892	3.535639809	3.684789683	3.812810319	3.948635153	4.093500163
20210607	1.92319097	1.967715806	2.067935797	2.300001698	2.359625082	2.470752355	2.571837242	2.84142041	3.076470911	3.291057601	3.435431675	3.574897038	3.727542465	3.859132194	3.998901902	4.148135294
20210604	1.91681838	1.963469675	2.069524847	2.299974022	2.362473886	2.475991721	2.577201216	2.853320809	3.1020939	3.332107911	3.492854029	3.638773348	3.798030285	3.939395509	4.090203142	4.251650886
20210603	1.910315516	1.953431829	2.063300927	2.295481093	2.359414796	2.465698891	2.553022321	2.829411644	3.076800499	3.312482208	3.480164437	3.625902076	3.784460566	3.92504366	4.07497018	4.235435265
20210602	1.919843344	1.965488699	2.068431299	2.294641292	2.344909497	2.437261195	2.526008167	2.805773127	3.038759481	3.27576688	3.435003728	3.580840137	3.739785472	3.883050183	4.036041354	4.199844659
20210601	1.939001444	1.980858418	2.071522792	2.299481595	2.350831474	2.451783701	2.534157677	2.811679387	3.038448681	3.278889412	3.431007855	3.582350419	3.747936185	3.890482053	4.042001415	4.204189959
20210531	1.917826701	1.964499789	2.070575739	2.295015862	2.350531344	2.446114903	2.526118892	2.796591603	3.038869522	3.265736411	3.402286335	3.544098921	3.699717242	3.833285044	3.975062499	4.12647838
20210528	1.923494272	1.966421159	2.072709409	2.292195852	2.344916295	2.43483443	2.510037733	2.769854658	2.987930052	3.19111807	3.317805809	3.45284197	3.600914355	3.729762636	3.866525094	4.012334972
20210527	1.913793417	1.961450651	2.070543855	2.287781654	2.344047472	2.445457477	2.520825658	2.790851936	3.003617114	3.210882877	3.338266102	3.470039384	3.614537636	3.746831069	3.888014514	4.038690036
20210526	1.894635317	1.94616499	2.067316637	2.285379635	2.339975324	2.430479983	2.509995699	2.779100879	2.975093866	3.163371461	3.296285233	3.42336433	3.561977353	3.685547303	3.816928197	3.956803273
20210525	1.903710206	1.952222063	2.064100191	2.285038466	2.337128948	2.425863968	2.510022867	2.767202637	2.949491813	3.136413128	3.268649735	3.402692744	3.548982636	3.675518569	3.809636902	3.952493786
20210524	1.909760133	1.958401924	2.070533084	2.284724496	2.334984817	2.426092464	2.509988009	2.776206785	2.962228156	3.156659542	3.289635877	3.420378846	3.56306784	3.692991496	3.8314604	3.979099545
20210521	1.905476785	1.951106655	2.066201976	2.274985202	2.32506985	2.416146887	2.501961526	2.764240072	2.962505675	3.16407859	3.297360657	3.43213002	3.579371552	3.713290603	3.856065345	4.008446709
20210520	1.907743491	1.956341696	2.068218449	2.246866695	2.301820963	2.38143107	2.461691219	2.72575153	2.918761297	3.118179553	3.250158609	3.383437255	3.528812783	3.660345406	3.800390253	3.949714941
20210519	1.934968159	1.977246837	2.066114079	2.245387501	2.293322142	2.367313442	2.44030196	2.686958375	2.881105156	3.071987548	3.209659415	3.349773304	3.502186546	3.629949345	3.764845826	3.908499495
20210518	1.921859986	1.966477609	2.066265744	2.289496087	2.335448124	2.432169649	2.520645731	2.806066418	3.013211644	3.224152857	3.366538983	3.519519247	3.687097923	3.82710891	3.975336453	4.133835725
20210517	1.92589327	1.970597654	2.070554627	2.290325866	2.350633816	2.449374475	2.547426646	2.847823755	3.076850419	3.305125865	3.464975786	3.62994471	3.810621219	3.963463589	4.125853426	4.300115417
20210514	1.927653798	1.971405676	2.072730521	2.297553872	2.35871158	2.464047308	2.571545566	2.886747921	3.127859136	3.365953629	3.520502144	3.691182472	3.879042059	4.045457118	4.223427638	4.415051212
20210513	1.932951518	1.975665405	2.069492962	2.292872465	2.358818423	2.460823313	2.550207055	2.844519377	3.096142006	3.339954291	3.48640502	3.651330355	3.832976621	3.99662421	4.171813566	4.360295618
20210512	1.92589327	1.970597654	2.070554627	2.290391714	2.352169917	2.442165335	2.531365991	2.814800458	3.038513633	3.278789824	3.445603031	3.610102985	3.78972163	3.950931742	4.12333323	4.308671719
20210511	1.92149699	1.966106768	2.065858572	2.285383453	2.3397359	2.427721498	2.507370611	2.760948633	2.975076151	3.198125592	3.376625556	3.535453366	3.707453187	3.860901583	4.024653893	4.200312276
20210510	1.949700134	1.990691478	2.065419516	2.279913301	2.328677235	2.408765372	2.483232212	2.725286793	2.924411516	3.151693837	3.328939041	3.486087386	3.655990715	3.803692689	3.960736924	4.128921062
20210507	1.930168552	1.973893608	2.070747657	2.274173554	2.311376551	2.393956244	2.47253912	2.704334801	2.924884425	3.152559042	3.336972668	3.498590097	3.673131749	3.821840798	3.979667619	4.148736399
20210506	1.915810059	1.963510468	2.072624097	2.271657495	2.308574854	2.387277755	2.456526651	2.674644996	2.874246629	3.085451433	3.260142735	3.415033516	3.582084947	3.726186449	3.879099826	4.042636092
20210505	1.913228757	1.959802881	2.06558023	2.269524116	2.30831649	2.384678616	2.453855429	2.668646544	2.874501602	3.065210289	3.2458443	3.392934776	3.550711299	3.686707528	3.830875657	3.984755722
20210504	1.921416324	1.967095266	2.070008284	2.271454702	2.303199229	2.379844127	2.45118113	2.659839182	2.849072395	3.038417408	3.211113832	3.352960608	3.505140744	3.638835896	3.780735513	3.932065131
20210503	1.913541337	1.957143537	2.070469314	2.268565981	2.292809785	2.367596055	2.443056739	2.660125463	2.83008302	3.025107911	3.183348637	3.323684307	3.474921672	3.607321864	3.747726525	3.897376795
20210430	1.909760133	1.958401924	2.070458974	2.265964509	2.287800823	2.362046013	2.435069726	2.642317188	2.804845982	3.005469037	3.163401074	3.299272333	3.445433714	3.576215845	3.715137568	3.863122294
20210429	1.913793417	1.960379745	2.06615932	2.26375574	2.287857645	2.360371381	2.424452502	2.639271596	2.817879705	3.005723012	3.159583348	3.291382636	3.433192079	3.563210404	3.701619456	3.849025809
20210428	1.918835022	1.963387678	2.062900648	2.254262184	2.281729752	2.346456692	2.419031627	2.60954405	2.786532958	2.959458819	3.115198799	3.242179556	3.378205447	3.49965416	3.628443138	3.765262066
20210427	1.922868306	1.967507723	2.0671891	2.254144802	2.282362064	2.350939919	2.419078787	2.609561303	2.780057697	2.966256627	3.108403597	3.242068073	3.38637859	3.508736139	3.637828669	3.774990866
20210426	1.929670038	1.972283746	2.066127435	2.256501014	2.283587836	2.361382074	2.429886192	2.615374291	2.792472506	2.986156327	3.129020839	3.263231237	3.408247807	3.525623232	3.648860459	3.779669482
20210423	1.927909912	1.970515658	2.064014879	2.264088797	2.293557682	2.372475641	2.445992469	2.631048119	2.817553339	3.005765167	3.141792689	3.276081844	3.421669195	3.539692067	3.663658146	3.795277892
20210422	1.931814535	1.974482009	2.068314102	2.267533886	2.317231509	2.402929712	2.47271956	2.686482316	2.880284408	3.081485299	3.23782329	3.373819119	3.520654748	3.641214008	3.768213286	3.903254367
20210421	1.940735756	1.981785933	2.068597184	2.279284405	2.319187695	2.40286858	2.472658559	2.689428706	2.886642113	3.088325261	3.219674322	3.348186139	3.488099511	3.605537071	3.729471611	3.861132583
20210420	1.914549254	1.957891812	2.067274412	2.274269463	2.311699991	2.394647243	2.462056199	2.668625517	2.861525852	3.051745349	3.181843247	3.309326301	3.447922782	3.566636062	3.69211579	3.82541581
20210419	1.926659594	1.971380541	2.071262978	2.263615456	2.289126154	2.371768107	2.440474198	2.657025418	2.842858549	3.045742138	3.176064926	3.307105805	3.449659228	3.571601793	3.700497394	3.837526246
20210416	1.940009765	1.982231354	2.07185801	2.265905819	2.289073219	2.371758586	2.440436777	2.663005001	2.849388562	3.025042045	3.182575503	3.319127992	3.466123171	3.597919458	3.737996753	3.887275201
20210415	1.936984801	1.978059391	2.064361729	2.264334057	2.29925432	2.382155141	2.451152424	2.680828373	2.868086999	3.058252824	3.21356293	3.356591914	3.511196096	3.645426649	3.787738034	3.939528697
20210414	1.926901591	1.969485543	2.062964417	2.268772114	2.294094806	2.376949347	2.445803827	2.668965714	2.84907669	3.045194667	3.189612434	3.333300999	3.489192284	3.622587017	3.76374959	3.914250904
20210413	1.899670468	1.945764069	2.064293651	2.268461006	2.289033395	2.371757584	2.440407045	2.668990514	2.855485925	3.06564658	3.21816237	3.366822234	3.527995151	3.666353402	3.812940848	3.969446441
20210412	1.883543785	1.936977194	2.064036422	2.268193797	2.285228838	2.371795666	2.440434214	2.668981888	2.858693227	3.068977248	3.235974733	3.383917776	3.543493589	3.683874307	3.833027056	3.992374344
20210409	1.893626995	1.946205783	2.070469314	2.268016771	2.283009431	2.357798298	2.421768464	2.639165924	2.836927054	3.046435566	3.205527284	3.346343335	3.498235256	3.63460169	3.779659177	3.934444733
20210408	1.894635317	1.94616499	2.067231756	2.263039524	2.275845654	2.35357263	2.421686446	2.633247264	2.83058599	3.046657927	3.205964821	3.346749858	3.498612027	3.634967452	3.780014851	3.934790662
20210407	1.89709562	1.947607151	2.065601343	2.272530219	2.2788115	2.360910551	2.427176524	2.642077271	2.846368062	3.05978511	3.233755755	3.372196396	3.520678553	3.654691287	3.797343322	3.949519592
20210406	1.902452628	1.946372661	2.067231756	2.262765158	2.270149502	2.342211984	2.405681153	2.603605982	2.789728987	3.000352634	3.158310098	3.286214621	3.423474767	3.552654374	3.690484352	3.837243805
20210405	1.905726848	1.95428188	2.066180864	2.267722364	2.276701849	2.360159421	2.421813574	2.64216569	2.840127377	3.046309631	3.212497602	3.346165062	3.489649629	3.62205928	3.763236405	3.913753171
20210331	1.869427289	1.926841693	2.06615932	2.26320653	2.279014014	2.361393098	2.429687298	2.657076636	2.855726942	3.079803367	3.24028147	3.382083623	3.535238955	3.66722049	3.807069282	3.956189144
