DATE	1	7	30	90	180	270	360	720	1080	1440	1800	2160	2520	2880	3240	3600	5400	7200	9000	10800
20220331	0.080036188	0.078981258	0.077759809	0.07915771	0.079289863	0.079046407	0.078496271	0.076139619	0.076425628	0.076314543	0.076145932	0.075656984	0.075280303	0.075259236	0.075338664	0.075378815	0.075764933	0.076146665	0.076381686	0.076504055
20220330	0.078174882	0.078981258	0.077759809	0.078976155	0.079470889	0.079046407	0.078675078	0.075950344	0.076071748	0.077067146	0.076144937	0.074652044	0.074400293	0.074915035	0.075636078	0.076317803	0.075139052	0.076602944	0.074002577	0.07697891
20220329	0.078174882	0.078981258	0.078117326	0.07915771	0.078927808	0.078865107	0.078675078	0.075946682	0.076633438	0.078027503	0.076963907	0.075018622	0.074286144	0.075433376	0.076709764	0.076985047	0.07456885	0.07500474	0.071446364	0.072912255
20220328	0.07909809	0.078981258	0.078117326	0.07915771	0.078927808	0.078865107	0.078675078	0.075268012	0.075346898	0.075792324	0.074757699	0.073559393	0.072578002	0.073720565	0.074940391	0.074543048	0.072691977	0.071342276	0.070349442	0.068876018
20220325	0.078174882	0.078981258	0.078117326	0.079702374	0.079832944	0.080109056	0.07957301	0.076390331	0.077282514	0.078300471	0.077566329	0.076085033	0.074987918	0.076009674	0.077108029	0.076706602	0.074598615	0.072542127	0.068521429	0.07051829
20220324	0.078174882	0.078911645	0.078117326	0.079883927	0.080013971	0.080434958	0.079936508	0.076794551	0.077606921	0.078177186	0.078112354	0.076246989	0.076096669	0.076793776	0.077370553	0.077203932	0.074654064	0.073681814	0.071205148	0.066860843
20220323	0.078174882	0.078617118	0.078117326	0.079883927	0.080376026	0.080459162	0.079926494	0.076220341	0.077091254	0.077253842	0.077385197	0.075622784	0.076618239	0.07727652	0.077689042	0.077647558	0.076464781	0.075495801	0.074159734	0.069162071
20220322	0.078174882	0.078258322	0.076866019	0.079520819	0.080194998	0.080450967	0.079569077	0.076225307	0.077083635	0.077721816	0.077601638	0.076026061	0.077621795	0.078508086	0.079016372	0.079004622	0.078776383	0.078356107	0.077106497	0.074060818
20220318	0.078174882	0.077246223	0.076866019	0.079520819	0.080357398	0.080422467	0.079568935	0.076176343	0.077338854	0.0784211	0.078903231	0.077172111	0.07941625	0.079838736	0.079697202	0.079964625	0.079203257	0.079775598	0.075859579	0.080488442
20220317	0.078174882	0.077144485	0.076866019	0.079702374	0.080526966	0.080440143	0.079569096	0.076728791	0.077625815	0.079047981	0.0788504	0.077555561	0.080082714	0.080572227	0.080436669	0.080866316	0.078954822	0.079022159	0.076449662	0.078844394
20220316	0.078174882	0.077144485	0.076866019	0.079520819	0.080557052	0.080464745	0.079211893	0.077263836	0.078359794	0.079787137	0.080168281	0.078202497	0.080445729	0.081322145	0.08150499	0.081935473	0.080125866	0.080173043	0.081020419	0.078174048
20220315	0.076499706	0.077144485	0.076866019	0.079339264	0.081100134	0.080678098	0.080999622	0.079414734	0.081535126	0.083115968	0.083188339	0.080747267	0.082942381	0.084180607	0.084826477	0.085533065	0.082584755	0.081926608	0.08244388	0.076058947
20220314	0.076499706	0.077144485	0.077581051	0.078431492	0.080557052	0.080442482	0.08100023	0.081597487	0.083103953	0.084245879	0.083532486	0.08124345	0.081350647	0.082401698	0.083499399	0.08422643	0.082772196	0.077909449	0.076580162	0.073931275
20220311	0.077330593	0.077144485	0.077581051	0.078431492	0.080557052	0.080403576	0.080825643	0.080691864	0.081630703	0.082389097	0.081563053	0.079758261	0.079903797	0.080691125	0.081411114	0.081492584	0.080004922	0.073866439	0.07158767	0.073318402
20220310	0.076499706	0.077144485	0.077581051	0.078431492	0.080557052	0.080390921	0.080999819	0.08036731	0.080766891	0.081181763	0.080099215	0.077982313	0.078948138	0.07958294	0.079756442	0.079529387	0.07925442	0.073052513	0.068028386	0.07387614
20220309	0.076499706	0.077081831	0.077581051	0.078613046	0.080557052	0.080449154	0.080821083	0.079596337	0.080892297	0.081109838	0.080920388	0.07896774	0.080723061	0.08066625	0.079880599	0.079715138	0.080683188	0.075254896	0.071917792	0.073343367
20220308	0.076313576	0.076906017	0.077581051	0.07915771	0.080557052	0.080441412	0.080999837	0.078940598	0.080646176	0.080940807	0.080004616	0.078726253	0.081549442	0.081428675	0.080252578	0.079874176	0.080201769	0.075414479	0.070758233	0.072392168
20220307	0.076313576	0.075864639	0.076329743	0.078068384	0.080194998	0.081040697	0.08135729	0.080144017	0.082694997	0.083080186	0.082479207	0.081056817	0.084538343	0.084274729	0.082776887	0.082725068	0.082722601	0.077967722	0.072463939	0.077058797
20220304	0.076313576	0.07535859	0.076329743	0.078068384	0.080194998	0.081040697	0.08154055	0.081988675	0.083491071	0.083988215	0.083292898	0.08175569	0.084711237	0.084752638	0.083543594	0.083046033	0.082249099	0.077912873	0.073089407	0.084460008
20220303	0.076313576	0.075307712	0.076329743	0.078068384	0.079832944	0.08060255	0.081381769	0.083385873	0.083784816	0.08470193	0.083531213	0.081294198	0.084118107	0.084393372	0.083341406	0.083070008	0.081434791	0.078855567	0.078681196	0.082131745
20220302	0.076313576	0.075307712	0.076329743	0.077160612	0.079108836	0.079771603	0.080999568	0.081115401	0.08085741	0.08225798	0.081036088	0.079703179	0.081134731	0.080745562	0.079608103	0.079185036	0.078122177	0.077527261	0.079388581	0.086118464
20220301	0.076313576	0.075307712	0.076329743	0.077160612	0.079108836	0.079771603	0.079569774	0.079809879	0.079922128	0.080760274	0.080255041	0.079459265	0.080908219	0.080594501	0.07959061	0.079148869	0.07804567	0.077594268	0.081973539	0.09677853
20220228	0.077244229	0.076311783	0.075972227	0.077705275	0.079289863	0.079227706	0.079057546	0.079734866	0.079512755	0.081962662	0.081491361	0.080464422	0.081271786	0.080798606	0.079885288	0.079812233	0.077592332	0.077038698	0.077256598	0.086783889
20220225	0.077244229	0.076226098	0.075972227	0.07788683	0.079289863	0.079142514	0.078877041	0.077747572	0.076994597	0.07942806	0.079886766	0.078605989	0.078697108	0.078033031	0.077092092	0.076802422	0.075010697	0.072633129	0.072369538	0.07865838
20220224	0.077244229	0.076226098	0.075972227	0.07752372	0.079108836	0.079100234	0.078331107	0.075939853	0.075866499	0.078231764	0.078873719	0.07719602	0.077146026	0.077554582	0.077717866	0.076883394	0.075843342	0.072322535	0.069894986	0.080903437
20220223	0.077244229	0.076226098	0.075972227	0.076615948	0.079108836	0.079409005	0.079220475	0.075910949	0.075866205	0.079415326	0.080211018	0.078547437	0.078096354	0.078468989	0.078964709	0.078433416	0.077434921	0.072966363	0.072764738	0.081822118
20220222	0.077244229	0.076226098	0.074542162	0.076071284	0.077660619	0.077981727	0.078147508	0.075628117	0.075965221	0.078637879	0.079918401	0.078316144	0.077490743	0.077446894	0.077650302	0.077394828	0.07710065	0.070896137	0.074472544	0.080591286
20220221	0.077244229	0.076226098	0.074542162	0.075345068	0.077660619	0.077958612	0.076890351	0.074407821	0.074711147	0.076210129	0.075500016	0.07395592	0.073382569	0.073524004	0.073955776	0.074325043	0.072246287	0.066325896	0.06708111	0.078849578
20220218	0.077244229	0.076226098	0.074542162	0.075345068	0.077660619	0.077958612	0.076887312	0.073147766	0.073732188	0.075133984	0.07375753	0.072036149	0.071339474	0.071643744	0.072122942	0.07178672	0.070654847	0.064348289	0.063970664	0.070846973
20220217	0.077244229	0.076226098	0.074542162	0.077342166	0.078565754	0.078683808	0.07760279	0.075369207	0.075829159	0.077722048	0.076020813	0.074112185	0.073618739	0.073943768	0.074252226	0.07369022	0.071945365	0.064049085	0.064761003	0.072318488
20220216	0.077244229	0.076226098	0.074542162	0.07788683	0.078022673	0.078155757	0.077423983	0.075145997	0.075688795	0.076630065	0.07413233	0.072207004	0.071674913	0.07159268	0.071675859	0.071586648	0.069676874	0.062535422	0.064692731	0.069337319
20220215	0.076127444	0.07520972	0.073827129	0.078794601	0.077841645	0.078208152	0.077602773	0.075375047	0.07555992	0.076166079	0.074474791	0.072321863	0.071704393	0.071945296	0.072330457	0.072756821	0.071001843	0.062287983	0.066292806	0.075201534
20220214	0.076127444	0.075113859	0.073469613	0.078794601	0.077841645	0.078353355	0.077606313	0.075556701	0.074938853	0.075357724	0.073665691	0.071246145	0.07105745	0.071152524	0.071039925	0.071388361	0.069375231	0.066384601	0.0614352	0.068249368
20220211	0.076127444	0.075124034	0.073469613	0.078794601	0.077841645	0.078368856	0.077781544	0.075716577	0.075444572	0.076149618	0.074130472	0.071846933	0.07169186	0.071889594	0.071901371	0.07264636	0.070772027	0.068089292	0.064996497	0.071949394
20220210	0.076127444	0.075124034	0.073469613	0.078794601	0.077841645	0.079069087	0.078496808	0.076639491	0.077016004	0.077246705	0.07457585	0.073244307	0.072743963	0.072505892	0.072374056	0.072956341	0.071639607	0.07041606	0.069042732	0.078243102
20220209	0.076127444	0.075124034	0.073469613	0.078068384	0.077841645	0.0790934	0.078675488	0.076460956	0.076686832	0.076566668	0.073886058	0.07284778	0.072263771	0.071880707	0.071887108	0.072104107	0.071052913	0.070445238	0.070285664	0.086450356
20220208	0.076127444	0.075124034	0.074899679	0.078068384	0.078384727	0.079633906	0.079032889	0.076224367	0.075570547	0.075988825	0.074165821	0.073060112	0.072173836	0.071539755	0.071329915	0.07155587	0.071570701	0.068226086	0.066086771	0.081716433
20220204	0.076127444	0.075124034	0.074899679	0.078068384	0.077841645	0.079420971	0.079034336	0.07516129	0.075274179	0.075008727	0.073711571	0.072572201	0.071190265	0.070035071	0.069497539	0.06983285	0.068890867	0.065675775	0.062981579	0.075428967
20220203	0.076127444	0.075124034	0.074542162	0.078613046	0.079289863	0.081040697	0.080658548	0.078603126	0.078796111	0.079235983	0.078670024	0.077039563	0.075078059	0.074127374	0.073847834	0.073381707	0.072189408	0.068550267	0.063927563	0.084773759
20220202	0.076127444	0.075124034	0.074363404	0.078976155	0.079832944	0.081034642	0.080820762	0.077972167	0.07817697	0.078428875	0.076650546	0.075935614	0.074351563	0.073333327	0.072928542	0.072670628	0.071844487	0.067385506	0.0624031	0.078273824
20220201	0.076127444	0.075124034	0.074184646	0.078794601	0.079832944	0.08103339	0.080820762	0.077448639	0.076728274	0.076584869	0.074500352	0.072120652	0.070510866	0.069460313	0.068618933	0.067156623	0.067876324	0.062151822	0.056115139	0.067908698
20220131	0.076127444	0.075124034	0.075257195	0.078976155	0.078927808	0.081025576	0.080284341	0.076829195	0.076209598	0.075632591	0.073663555	0.071383148	0.070145342	0.069162262	0.068283561	0.068106278	0.065610208	0.060451277	0.054927743	0.066241469
20220128	0.076127444	0.075124034	0.075435952	0.078976155	0.079470889	0.081021371	0.080320514	0.077946761	0.078003523	0.077324534	0.076139021	0.073368329	0.071077403	0.069727977	0.068964787	0.068227665	0.064705423	0.059855625	0.054834152	0.067838013
20220127	0.076127444	0.075124034	0.073112097	0.078068384	0.079470889	0.081018559	0.080297215	0.077568277	0.077832791	0.077634617	0.076522721	0.073558001	0.070790717	0.069152198	0.068163156	0.067512832	0.064420239	0.059528541	0.055492101	0.066686564
20220126	0.076127444	0.075124034	0.073112097	0.077342166	0.079832944	0.081208978	0.080298216	0.078045696	0.078881925	0.079808473	0.078908271	0.076298709	0.072854154	0.070778712	0.069769954	0.069317889	0.06631833	0.062151605	0.059065365	0.071260121
20220125	0.076127444	0.075124034	0.073112097	0.076797503	0.079470889	0.080848284	0.080118354	0.077576989	0.078750305	0.080154875	0.078944229	0.076940026	0.073596515	0.071788154	0.071272204	0.070747596	0.06883306	0.065876032	0.063927407	0.077139862
20220124	0.076313576	0.073767063	0.071324514	0.075889732	0.079108836	0.080876838	0.079939458	0.077593585	0.078966905	0.080413047	0.07957907	0.078009115	0.074889289	0.073188622	0.072647813	0.072080937	0.070931548	0.069572134	0.068099384	0.082350872
20220121	0.076313576	0.074213141	0.071324514	0.074800405	0.079108836	0.080881117	0.079965241	0.077810889	0.07916105	0.080331592	0.079953286	0.078346177	0.075214507	0.073657792	0.073351752	0.072568849	0.072518067	0.070554131	0.06891296	0.0859884
20220120	0.076313576	0.074389324	0.071324514	0.074800405	0.080376026	0.081004292	0.080295051	0.077835816	0.0793824	0.0806766	0.080251499	0.078085272	0.074572419	0.073226119	0.073183886	0.072417169	0.071847195	0.06939481	0.067335881	0.081722827
20220119	0.076313576	0.074520525	0.071324514	0.074800405	0.080013971	0.081403294	0.080472875	0.078055248	0.079847172	0.081686997	0.080915347	0.078458491	0.074602127	0.073275986	0.073480265	0.072273585	0.070533759	0.06783521	0.06561516	0.081917235
20220118	0.077244229	0.074544624	0.071324514	0.075526623	0.08073808	0.081576834	0.080657511	0.080981508	0.083667586	0.085881953	0.08510648	0.082100522	0.07816812	0.076901473	0.076866309	0.075868646	0.074408766	0.070294109	0.067546647	0.0880563
20220117	0.077244229	0.074702586	0.070609483	0.075345068	0.080194998	0.081261973	0.080666166	0.081785971	0.083471714	0.087210411	0.084923862	0.081423263	0.077178394	0.075938141	0.076344373	0.074928134	0.072931094	0.067789316	0.064016093	0.078981406
20220114	0.076871967	0.075163653	0.07078824	0.075345068	0.080194998	0.081564579	0.080896826	0.082134826	0.083807241	0.086362532	0.08446778	0.080348842	0.076297757	0.074672619	0.074193518	0.072928001	0.070126927	0.064461109	0.0591137	0.080910421
20220113	0.077244229	0.075307712	0.07078824	0.075345068	0.080194998	0.081563055	0.080847457	0.082102094	0.083633532	0.086146421	0.084623433	0.080355639	0.076066226	0.074128845	0.073390375	0.0715705	0.069243009	0.062885505	0.058546561	0.073821508
20220112	0.077244229	0.075438912	0.07078824	0.075345068	0.080194998	0.081805035	0.081206931	0.082841442	0.084686214	0.08709242	0.08585937	0.082211322	0.077931246	0.075931882	0.075416406	0.073933749	0.07092378	0.06491089	0.060446152	0.074752498
20220111	0.078174882	0.07546301	0.07078824	0.075345068	0.080013971	0.081767798	0.081566387	0.083297545	0.085026475	0.088496836	0.087117893	0.083298063	0.079246201	0.077417263	0.07718038	0.075851359	0.072413823	0.067200519	0.063170747	0.078379729
20220110	0.078174882	0.075620973	0.070966999	0.076434394	0.080194998	0.081922191	0.08192307	0.08333021	0.086153448	0.089497196	0.088217807	0.084848651	0.080577485	0.078469989	0.07784305	0.076750862	0.073324377	0.067657299	0.062895615	0.080548803
20220107	0.077785609	0.07608204	0.071503272	0.076615948	0.080557052	0.08252646	0.08251671	0.084104599	0.087450646	0.091232797	0.089701196	0.08693212	0.082886793	0.081129506	0.080863027	0.079719245	0.076246422	0.069365594	0.063340167	0.086448678
20220106	0.078174882	0.076226098	0.071503272	0.076615948	0.080557052	0.082525101	0.082464535	0.086403643	0.08955044	0.09287595	0.091505611	0.088882393	0.085199248	0.083311024	0.083013036	0.0823175	0.078929939	0.072897132	0.068007576	0.084093102
20220105	0.078174882	0.076357299	0.071503272	0.076615948	0.080557052	0.082348442	0.08246264	0.08649395	0.089834038	0.093234563	0.09166836	0.088944236	0.085502978	0.083749494	0.083142584	0.082650507	0.079935469	0.07447793	0.070309907	0.084561752
20220104	0.078174882	0.076783025	0.072933339	0.076615948	0.080557052	0.082469914	0.082967126	0.08686148	0.090013901	0.093767298	0.091818482	0.089068618	0.085541965	0.083849471	0.083286143	0.082797476	0.080900325	0.077452399	0.074178627	0.091463803
20220103	0.079291666	0.076696808	0.074184646	0.077160612	0.08073808	0.083378313	0.083177008	0.087262234	0.091102748	0.094090637	0.092114441	0.08956814	0.086121446	0.084318043	0.083773579	0.083500661	0.081882257	0.078702478	0.076610053	0.09183521
20211231	0.078919404	0.077022927	0.074184646	0.077160612	0.08073808	0.082954816	0.082712469	0.087265633	0.091803092	0.094756389	0.092845272	0.090369504	0.086986728	0.084998754	0.084159874	0.083498281	0.082574497	0.077699301	0.074577847	0.097715957
20211230	0.079291666	0.077144485	0.074184646	0.077160612	0.08073808	0.082957482	0.082465643	0.087823327	0.092461915	0.095294838	0.092933344	0.090448832	0.086906882	0.085069542	0.084080099	0.083221762	0.082172079	0.076649173	0.07211744	0.09209912
20211229	0.079291666	0.077263361	0.074184646	0.07752372	0.08128116	0.083025106	0.082464749	0.087591704	0.091777211	0.09492011	0.092572671	0.090058824	0.086800413	0.084897265	0.0837439	0.082860248	0.081073596	0.075730767	0.071105505	0.090640739
20211228	0.08040845	0.077277283	0.074184646	0.07752372	0.08128116	0.082970354	0.082818197	0.087049204	0.09155546	0.094189583	0.092424101	0.089709263	0.08647488	0.084513821	0.082967159	0.082114209	0.080345908	0.074903581	0.070202249	0.086898421
20211227	0.08040845	0.077469005	0.074184646	0.078068384	0.081100134	0.083297471	0.08281902	0.087623642	0.09164607	0.09455513	0.092961146	0.090120919	0.086659692	0.084547817	0.083318945	0.082454658	0.079793422	0.07436636	0.069703949	0.086346709
20211224	0.079941318	0.078067261	0.074184646	0.078068384	0.081100134	0.083590959	0.083057262	0.087529904	0.091231932	0.094302135	0.093260433	0.089704567	0.08616133	0.084321447	0.083376573	0.082526781	0.080145984	0.073889431	0.069210387	0.085806592
20211223	0.08040845	0.078246549	0.074184646	0.078068384	0.081462187	0.083452174	0.08335426	0.087697551	0.091901213	0.095225392	0.09395451	0.090606056	0.08713598	0.085246458	0.083982488	0.083162057	0.08058186	0.074146368	0.069201241	0.083770955
20211222	0.08040845	0.078403978	0.074184646	0.078068384	0.081643214	0.083956495	0.083503492	0.088586679	0.093440612	0.097066496	0.095933864	0.092248255	0.088594477	0.086491313	0.085216534	0.084403315	0.081257118	0.074823048	0.069957096	0.087331186
20211221	0.081525235	0.078432908	0.074184646	0.078068384	0.081824241	0.084165387	0.083682245	0.089512645	0.094189167	0.098010799	0.096830667	0.093040637	0.089229731	0.086867489	0.085652486	0.084399796	0.081155981	0.075007304	0.069847525	0.087328447
20211220	0.081525235	0.078622464	0.075078436	0.079520819	0.081643214	0.084192582	0.083861034	0.088929099	0.093003956	0.097100653	0.096319487	0.092403523	0.088536176	0.086111636	0.084762854	0.083963091	0.080214337	0.073782963	0.06859758	0.092703312
20211217	0.081058102	0.079175754	0.075078436	0.079520819	0.081643214	0.084110869	0.083865255	0.089066373	0.092918713	0.096965055	0.09651972	0.092770893	0.088776877	0.086382409	0.08533379	0.084104665	0.080371414	0.073319584	0.067816945	0.089353432
20211216	0.081525235	0.079348613	0.075078436	0.078068384	0.081643214	0.084108622	0.084039842	0.09018051	0.094395665	0.098598561	0.097791959	0.093945272	0.090022888	0.087513448	0.08643504	0.085679507	0.081492263	0.074630697	0.068936642	0.084376728
20211215	0.081525235	0.079506043	0.075078436	0.078431492	0.081643214	0.084255673	0.084039842	0.089763439	0.093817534	0.097859462	0.096773752	0.093288429	0.089578514	0.087384279	0.086412641	0.08582067	0.082496341	0.075136022	0.069130785	0.086888467
20211214	0.081711364	0.079659909	0.075078436	0.07788683	0.081643214	0.084059816	0.084218685	0.089913235	0.093805289	0.09804352	0.097040795	0.093669105	0.090247131	0.088034269	0.086937817	0.086340065	0.083745339	0.076165753	0.069901876	0.085764735
20211213	0.081711364	0.079926425	0.076508502	0.077160612	0.081824241	0.084220611	0.08457628	0.089350228	0.093112441	0.097690027	0.096678901	0.093596658	0.08999291	0.087669206	0.086613542	0.085543096	0.083760916	0.076542163	0.07032751	0.086136015
20211210	0.081564154	0.080189561	0.076508502	0.077160612	0.081824241	0.084327612	0.084580519	0.089637316	0.09323672	0.098373749	0.097255499	0.093919574	0.090290692	0.088120947	0.08689007	0.086110614	0.08423115	0.077306193	0.07146453	0.089879642
20211209	0.081711364	0.080450676	0.077402293	0.078794601	0.082005269	0.084485379	0.084964381	0.089989815	0.09338748	0.097759675	0.096806514	0.093745045	0.090423356	0.088543546	0.087132221	0.086104035	0.084115098	0.077453239	0.07194746	0.085787037
20211208	0.081711364	0.080476924	0.077402293	0.078976155	0.082005269	0.08446346	0.084933322	0.089604519	0.093413884	0.097380118	0.096121815	0.093103356	0.089893523	0.087830085	0.085953076	0.085112081	0.084312872	0.077539914	0.071676582	0.083193315
20211207	0.081711364	0.080513862	0.077402293	0.07915771	0.082005269	0.084262092	0.084933322	0.089955781	0.093572433	0.096984678	0.095494178	0.092729477	0.089633192	0.087635386	0.086248097	0.085405342	0.083224005	0.075820523	0.069231394	0.087054377
20211206	0.081711364	0.080548669	0.077759809	0.079883927	0.08254835	0.084241242	0.084039287	0.089605443	0.093103095	0.096239648	0.094860186	0.092171366	0.089245034	0.087064218	0.085548251	0.084694892	0.082043563	0.074811536	0.06791536	0.087485036
20211203	0.081711364	0.080634353	0.078474842	0.079883927	0.08254835	0.083993805	0.084122486	0.089144587	0.092683004	0.095618482	0.094037941	0.091526182	0.088665724	0.086137668	0.084651943	0.083392464	0.08116331	0.073204476	0.065936035	0.082621892
20211202	0.081711364	0.080634353	0.078474842	0.07915771	0.08254835	0.084135654	0.084245578	0.088730717	0.092662229	0.095770992	0.094417316	0.091695176	0.08883399	0.086252279	0.084590561	0.083580503	0.081417542	0.074518132	0.067581759	0.082435432
20211201	0.081711364	0.080489763	0.077759809	0.078976155	0.082367323	0.084102349	0.085841626	0.089412687	0.09337417	0.096272354	0.094823657	0.091906799	0.08901055	0.086570291	0.084904641	0.083641598	0.082389171	0.075125615	0.068216477	0.087777692
20211130	0.081897495	0.080499591	0.077759809	0.078976155	0.082186296	0.084269924	0.085097557	0.089757896	0.093752171	0.097024463	0.095751247	0.093007565	0.09029014	0.08778476	0.086132577	0.084854399	0.083439852	0.076078615	0.068918832	0.0867281
20211129	0.081897495	0.080530466	0.077938567	0.079339264	0.082367323	0.084399317	0.084940797	0.089766556	0.093689678	0.097434348	0.096307019	0.093719431	0.090926821	0.088481909	0.08729007	0.086204399	0.085167433	0.07781945	0.070464589	0.091330537
20211126	0.081819637	0.080607685	0.077759809	0.079344674	0.082367323	0.084112411	0.08536439	0.090234752	0.093989022	0.098267753	0.09709515	0.093793126	0.091062988	0.088999592	0.087789022	0.086729684	0.086476093	0.079284215	0.07233961	0.093934083
20211125	0.081897495	0.080634353	0.077759809	0.079339264	0.082186296	0.084248966	0.08472993	0.090605416	0.093949786	0.099030405	0.09745552	0.094072021	0.091635138	0.089320801	0.088098451	0.087081034	0.08644906	0.079335424	0.072757107	0.09202665
20211124	0.081897495	0.080660601	0.077759809	0.07915771	0.082005269	0.084908151	0.086001319	0.089868147	0.093051829	0.098268608	0.096878033	0.092938974	0.090103252	0.088101898	0.086886226	0.085651746	0.084368967	0.076375396	0.069297424	0.0873353
20211123	0.081897495	0.080697539	0.077759809	0.079702374	0.082367323	0.085341075	0.085832042	0.090361618	0.093967308	0.098857271	0.097029322	0.093559817	0.090623232	0.088384363	0.087360855	0.086370559	0.084742708	0.076835491	0.07012768	0.088480302
20211122	0.081897495	0.081350972	0.079011116	0.078976155	0.082367323	0.085666054	0.085173281	0.0903617	0.093100396	0.098291452	0.096663382	0.092978385	0.089948645	0.087792911	0.086638649	0.085639889	0.082790822	0.074831848	0.068419111	0.0861118
20211119	0.081897495	0.08086891	0.079011116	0.078976155	0.080919107	0.085112783	0.085231376	0.090667166	0.093616589	0.098399957	0.096654548	0.092934099	0.089997376	0.088034308	0.087017682	0.086061376	0.083563816	0.07462678	0.067907684	0.083463464
20211118	0.081897495	0.080818031	0.079011116	0.078976155	0.080919107	0.084283539	0.084120341	0.091010807	0.094171307	0.098553454	0.096702922	0.092887062	0.089691775	0.087487641	0.086804391	0.085663259	0.082733164	0.074614683	0.067884107	0.079184491
20211117	0.081897495	0.080818031	0.078117326	0.078976155	0.080919107	0.083985139	0.083765802	0.090054767	0.093845559	0.097596345	0.095892162	0.091996404	0.088813658	0.086521503	0.085510042	0.084569852	0.081605854	0.074033528	0.06754841	0.076507328
20211116	0.079663927	0.08008672	0.078117326	0.079339264	0.08073808	0.083715692	0.083777836	0.090384384	0.093993249	0.098353893	0.096534072	0.092334091	0.088985113	0.086715614	0.085593084	0.084659698	0.08206681	0.074186021	0.066763268	0.079784117
20211112	0.079663927	0.079687057	0.077581051	0.080065482	0.081462187	0.083551925	0.083267396	0.090575985	0.093912741	0.098552018	0.09677155	0.09280262	0.089065878	0.086474746	0.085547999	0.084612487	0.082263904	0.073319614	0.065648057	0.078624329
20211111	0.079992373	0.079430643	0.077581051	0.080065482	0.080557052	0.083436419	0.083495929	0.090347644	0.093093332	0.09777077	0.096052245	0.092157449	0.088655191	0.086021417	0.084615362	0.083701386	0.080958184	0.071559918	0.063859342	0.078301033
20211110	0.079663927	0.079348613	0.077581051	0.080065482	0.080557052	0.083238948	0.083230687	0.090872889	0.093816317	0.098496786	0.096662228	0.092580694	0.088925677	0.086253114	0.084672559	0.084019402	0.080630464	0.071296849	0.06391535	0.078378184
20211109	0.079663927	0.079269357	0.079189875	0.080610145	0.080919107	0.083114414	0.083245528	0.090462302	0.093270234	0.098101333	0.096227781	0.092131378	0.088441094	0.085577847	0.084166497	0.083288112	0.079673226	0.0705636	0.063744087	0.076040465
20211108	0.079105535	0.079235082	0.079189875	0.080973254	0.082005269	0.083222323	0.083778516	0.090641644	0.093797253	0.098933997	0.096630673	0.092835066	0.089280765	0.086384273	0.085255814	0.08438157	0.080792295	0.071611374	0.064540894	0.075324516
20211105	0.079105535	0.079109777	0.078474842	0.08042859	0.082005269	0.084167744	0.083953281	0.091055779	0.093698716	0.099095515	0.096804285	0.092860259	0.08939634	0.086734191	0.085451576	0.084319317	0.080605793	0.071026651	0.064017502	0.074813972
20211104	0.079105535	0.078742422	0.078474842	0.08042859	0.082005269	0.084188574	0.084312165	0.091351544	0.094006081	0.099383913	0.097180636	0.093104449	0.089508845	0.08677062	0.085608617	0.084662957	0.081261746	0.071102907	0.063209451	0.075952226
20211103	0.079105535	0.078613903	0.078474842	0.080791699	0.082005269	0.084255637	0.084477526	0.092047422	0.094523969	0.099913748	0.097760643	0.093660783	0.08985816	0.087225077	0.08582261	0.084970867	0.082104378	0.072171619	0.064288103	0.075409036
20211101	0.079105535	0.07852234	0.078296084	0.080973254	0.082005269	0.084229639	0.084474951	0.092571346	0.095467486	0.100610727	0.098414768	0.094253898	0.09070989	0.088413494	0.087135622	0.086071984	0.083152962	0.07324263	0.065078131	0.076563425
20211029	0.078361013	0.07852787	0.078296084	0.080973254	0.082729378	0.084271283	0.084629262	0.092937919	0.09605504	0.100646174	0.098447942	0.094594575	0.091135576	0.088446334	0.087047406	0.086217253	0.083481039	0.074010911	0.065528651	0.077110776
20211028	0.078361013	0.078431291	0.077581051	0.080973254	0.082914079	0.084245848	0.084806853	0.093419856	0.096554529	0.101179852	0.098996221	0.095004923	0.091589251	0.089184659	0.087798409	0.086676055	0.083949475	0.074162904	0.065758339	0.079454775
20211027	0.078680952	0.078156162	0.077581051	0.080973254	0.083091432	0.084080738	0.08457528	0.093358008	0.095379884	0.100153094	0.098499353	0.094398934	0.090859964	0.088524429	0.087290682	0.086233468	0.082772219	0.073542349	0.065097532	0.07846315
20211026	0.078361013	0.078062872	0.077581051	0.080973254	0.083091432	0.084232196	0.08445201	0.093005425	0.095898651	0.100362708	0.098756953	0.095063896	0.091282828	0.089161413	0.088042027	0.087207532	0.083675401	0.074535707	0.066424796	0.080164678
20211025	0.078361013	0.077970757	0.077581051	0.081154808	0.083272459	0.084150992	0.084044384	0.092984572	0.096471122	0.100527836	0.099005241	0.095529784	0.09185209	0.089735033	0.088601516	0.087517871	0.084762907	0.076359472	0.069589359	0.081767067
20211022	0.078174882	0.077881509	0.077581051	0.081154808	0.083453486	0.083983072	0.084044455	0.093306041	0.097233789	0.101047459	0.099550058	0.096148308	0.092574262	0.09035341	0.089093756	0.087995419	0.085735831	0.077429958	0.071064254	0.081463494
20211021	0.078174882	0.07741866	0.076329743	0.081336362	0.083272459	0.084384179	0.084759844	0.093499952	0.097677663	0.101630073	0.100019522	0.096830141	0.092997708	0.090624155	0.089381703	0.088486121	0.086943573	0.077744958	0.070817151	0.087924666
20211020	0.078174882	0.077167518	0.076329743	0.081336362	0.083634513	0.08430408	0.084970658	0.093090107	0.097394173	0.101816944	0.100234491	0.096954404	0.09308972	0.090561507	0.089328601	0.088249405	0.087608878	0.078021196	0.070082324	0.087176399
20211019	0.078174882	0.077144485	0.076329743	0.081336362	0.083272459	0.084296212	0.08529564	0.093276891	0.097352824	0.101925681	0.10066049	0.097535979	0.093437703	0.090504451	0.089426868	0.088617355	0.087807563	0.077340463	0.069422869	0.084328356
20211018	0.078174882	0.077144485	0.076329743	0.081517917	0.083272459	0.084479197	0.085294853	0.093208574	0.097393185	0.10228747	0.10076127	0.097378141	0.093257239	0.090880539	0.089449869	0.08836186	0.087164496	0.076725498	0.067459863	0.084106698
20211015	0.078174882	0.077144485	0.076329743	0.080610145	0.083634513	0.084422704	0.085650964	0.093442771	0.097755162	0.102739591	0.10114298	0.097683237	0.09414138	0.091376319	0.089984549	0.088913147	0.087569978	0.077131143	0.069217375	0.080067204
20211014	0.078919404	0.077879194	0.07579347	0.080973254	0.082910404	0.084596552	0.085650624	0.093156806	0.097584385	0.101656006	0.10031962	0.096766329	0.093307646	0.090331517	0.089293352	0.088456776	0.086278573	0.075811775	0.067576016	0.078090808
20211013	0.078919404	0.077879194	0.07579347	0.080973254	0.082910404	0.084516581	0.086018287	0.092874023	0.097590399	0.102299754	0.100861028	0.097100748	0.093830968	0.091101965	0.090041053	0.08905235	0.085890281	0.074935021	0.066401646	0.078837135
20211012	0.078919404	0.077879194	0.07579347	0.080610145	0.082910404	0.084485379	0.086219518	0.093700692	0.098664395	0.103360133	0.101711938	0.097896793	0.094408644	0.091475081	0.090240666	0.089489866	0.086797652	0.076052772	0.068535428	0.079363514
20211011	0.078919404	0.077879194	0.07579347	0.080065482	0.083272459	0.084456281	0.086542586	0.094218545	0.099258411	0.103996877	0.10275345	0.098735934	0.095452614	0.092575144	0.091300935	0.090712647	0.087452896	0.076618366	0.069146576	0.080303737
20211008	0.078919404	0.077879194	0.07579347	0.080065482	0.083272459	0.084605255	0.086542586	0.094114331	0.098535504	0.103444475	0.10206261	0.097920185	0.095084018	0.092401014	0.09084704	0.089996265	0.08716253	0.076073672	0.068568485	0.08148367
20211007	0.078919404	0.077879194	0.076866019	0.080791699	0.083453486	0.084572384	0.086184972	0.093499093	0.098164396	0.102965463	0.101346436	0.097334347	0.094493982	0.091699863	0.090329279	0.089684065	0.086672704	0.07555886	0.067748473	0.080448032
20211006	0.078919404	0.077879194	0.07579347	0.080610145	0.083453486	0.084503691	0.086184972	0.094162404	0.098877633	0.103575142	0.102499831	0.098588437	0.095149609	0.092504404	0.090919831	0.090299498	0.087204219	0.076404131	0.068305936	0.08133988
20211005	0.078919404	0.077879194	0.07579347	0.08042859	0.083453486	0.084474265	0.086221484	0.095141211	0.099800946	0.104725735	0.10364585	0.099415666	0.095967391	0.093290458	0.091540854	0.090718932	0.087812979	0.07691257	0.069202135	0.080568249
20211004	0.078919404	0.077879194	0.07579347	0.080610145	0.083453486	0.084744474	0.086390653	0.0961641	0.100787616	0.105838315	0.104747594	0.100559736	0.097102877	0.094085379	0.092344682	0.091343625	0.089075588	0.078157265	0.069112942	0.080722128
20211001	0.078919404	0.077879194	0.07579347	0.080610145	0.083453486	0.084852456	0.086392585	0.096524222	0.100988532	0.105187647	0.104777359	0.100514644	0.096823588	0.093631304	0.092118305	0.09135477	0.087469769	0.076636897	0.068264572	0.081612332
20210930	0.078919404	0.07751184	0.077044777	0.080247036	0.083272459	0.084937775	0.086568959	0.096553736	0.100904383	0.10546923	0.1046012	0.10041877	0.096565562	0.093355047	0.092546598	0.091676213	0.087691649	0.076599027	0.068948207	0.082363084
20210929	0.078654596	0.077525762	0.077044777	0.080065482	0.083272459	0.084695469	0.086212543	0.096223541	0.100792258	0.105052716	0.104044909	0.100024801	0.096524953	0.092983442	0.092135448	0.091284867	0.087440425	0.07699029	0.069668485	0.08733225
20210928	0.078919404	0.077608601	0.077402293	0.080065482	0.083272459	0.084641369	0.086389259	0.094862241	0.09948496	0.103517604	0.102236594	0.098197746	0.094846918	0.091601307	0.090615272	0.089752284	0.085910508	0.076668252	0.069924406	0.084897019
20210927	0.079105535	0.077622431	0.077402293	0.079339264	0.083091432	0.084210058	0.086385128	0.095154476	0.099716675	0.103991351	0.102889791	0.098848021	0.095374305	0.092154604	0.091341933	0.09065497	0.087436419	0.078699874	0.072840399	0.088560903
20210924	0.07901247	0.077654722	0.076508502	0.079520819	0.083091432	0.084018607	0.086283637	0.095066149	0.099731604	0.104182094	0.102937793	0.098909083	0.095108914	0.091858574	0.09086924	0.090384384	0.08722595	0.079384464	0.073921458	0.087522797
20210923	0.079105535	0.077656872	0.076508502	0.079520819	0.083091432	0.083952813	0.086747892	0.095424902	0.101319247	0.105298256	0.104199514	0.100222374	0.096557516	0.093290782	0.092285811	0.091639618	0.089643888	0.081671702	0.076046952	0.088079669
20210922	0.079105535	0.077879194	0.076508502	0.079520819	0.083091432	0.083921394	0.086928362	0.095766166	0.101779778	0.105500283	0.10429581	0.100676517	0.096612443	0.093918418	0.09286966	0.09219021	0.090349325	0.082200034	0.076236666	0.090756456
20210921	0.079105535	0.077921146	0.076508502	0.07915771	0.083091432	0.084625124	0.087099587	0.095765424	0.101713228	0.105633575	0.104224185	0.101077247	0.096797752	0.094095236	0.093243996	0.092792723	0.091009328	0.082933855	0.076641927	0.093690962
20210920	0.079105535	0.078062872	0.076150986	0.078976155	0.083272459	0.085408446	0.087099283	0.096087916	0.101884514	0.106169225	0.105423313	0.102084769	0.097363802	0.094364205	0.093913514	0.093141909	0.09202892	0.084472951	0.077968671	0.093027948
20210917	0.079105535	0.078062872	0.076150986	0.078976155	0.083091432	0.085618717	0.087300871	0.097409869	0.102665257	0.106997901	0.10615738	0.102110936	0.097411906	0.094373052	0.093746693	0.093213908	0.09260451	0.085101652	0.078642499	0.091472755
20210915	0.079105535	0.078062872	0.076150986	0.078976155	0.082910404	0.085573174	0.087163761	0.098104953	0.103181958	0.107524892	0.106763928	0.102542394	0.09827485	0.094915648	0.094612432	0.094343692	0.092901543	0.085044632	0.078247196	0.093767209
20210914	0.079105535	0.078062872	0.076150986	0.079339264	0.083272459	0.085889867	0.087550611	0.09869434	0.104243322	0.108135919	0.107224293	0.10280013	0.098344152	0.094979021	0.094501278	0.094166269	0.09264712	0.084872646	0.079263182	0.092575145
20210913	0.079105535	0.078062872	0.076150986	0.079883927	0.08381554	0.085843074	0.088152028	0.09939868	0.105972287	0.109415397	0.108479807	0.103762777	0.099010951	0.095914585	0.095143124	0.094758986	0.094313379	0.086517042	0.080664325	0.092034466
20210910	0.079105535	0.078062872	0.076866019	0.080247036	0.083272459	0.086210423	0.08728358	0.099923133	0.106611831	0.110200807	0.108950226	0.104119953	0.09979868	0.096835142	0.095912144	0.095300736	0.094030587	0.086516693	0.080752394	0.097158896
20210909	0.079105535	0.078062872	0.076866019	0.080247036	0.083091432	0.08599018	0.087164422	0.099965052	0.107547621	0.110727102	0.109411773	0.104328801	0.100600132	0.097764851	0.096650188	0.09586803	0.094255883	0.086321549	0.080574471	0.097161109
20210908	0.079105535	0.078062872	0.076866019	0.080247036	0.083091432	0.085924803	0.086934602	0.100244156	0.107431687	0.111223547	0.11006302	0.105280017	0.101333226	0.098512082	0.097376112	0.096622791	0.094675371	0.086773519	0.080685156	0.100045964
20210907	0.080036188	0.078981258	0.076866019	0.080065482	0.083091432	0.085825016	0.087107204	0.099948786	0.107248523	0.111029599	0.109943645	0.105298702	0.101142692	0.098319786	0.096988475	0.096395838	0.094273795	0.085630697	0.078658432	0.102743547
20210906	0.079105535	0.078981258	0.076866019	0.079520819	0.083272459	0.085754291	0.087107133	0.100142614	0.107360772	0.110962039	0.110717385	0.105504885	0.101481602	0.098383865	0.096922314	0.09661974	0.09441953	0.085422569	0.078452829	0.102522517
20210903	0.079105535	0.079714902	0.077759809	0.079520819	0.083272459	0.085685343	0.087287496	0.099391025	0.106148293	0.110835621	0.109861898	0.104544555	0.100855423	0.098124058	0.096507132	0.095596354	0.09337834	0.084194686	0.077196851	0.098099121
20210902	0.079105535	0.079171364	0.077938567	0.079702374	0.083453486	0.085548626	0.087511952	0.099694495	0.106555584	0.111495528	0.110598499	0.105046635	0.101391279	0.098856164	0.097209748	0.096532249	0.094121778	0.085045235	0.078122561	0.099499204
20210901	0.079105535	0.078981258	0.077976608	0.079339264	0.083634513	0.085784696	0.087638064	0.098980338	0.105853144	0.111034181	0.110290231	0.104888222	0.101040072	0.098533985	0.096885474	0.096207036	0.093838506	0.085167247	0.079031315	0.095435659
20210831	0.079105535	0.078850058	0.077759809	0.079702374	0.084539648	0.085856128	0.088700179	0.098867794	0.105731117	0.11071135	0.110236711	0.105415987	0.101664034	0.098960988	0.097272967	0.0965506	0.094525722	0.085429283	0.079322546	0.095948812
20210830	0.078174882	0.078588556	0.076866019	0.079702374	0.08562581	0.087136408	0.087079328	0.098831301	0.105609352	0.111026538	0.111031037	0.105752954	0.101867891	0.099557747	0.098074058	0.097532726	0.095544016	0.086638475	0.079832939	0.099323059
20210827	0.078733274	0.078248698	0.078296084	0.079883927	0.084901703	0.086869481	0.087082172	0.097805542	0.10427986	0.110018607	0.109753466	0.10489341	0.101362328	0.098704358	0.097352759	0.096715026	0.095162726	0.086635283	0.079858744	0.096606089
20210826	0.078174882	0.077695517	0.076508502	0.079883927	0.083996567	0.086793753	0.086721446	0.096492993	0.103551617	0.109434499	0.109035992	0.104366412	0.100647976	0.09802256	0.096649856	0.096016835	0.095000658	0.086626604	0.080241082	0.101983751
20210825	0.078174882	0.077144485	0.07579347	0.078431492	0.081824241	0.085660215	0.085469923	0.095774827	0.103085318	0.109117222	0.108937851	0.104218253	0.100193631	0.09700942	0.095820624	0.095215131	0.094918815	0.086220648	0.079779862	0.098703381
20210824	0.078174882	0.077144485	0.07579347	0.078431492	0.081824241	0.084763801	0.084576049	0.096024648	0.1026974	0.108873016	0.108549165	0.103826685	0.09972887	0.097228443	0.095583188	0.09449201	0.094434732	0.085542417	0.077841216	0.09628476
20210823	0.078174882	0.077468289	0.075614711	0.077160612	0.08128116	0.083910063	0.084575994	0.097314299	0.104022111	0.110134218	0.109603092	0.104693927	0.100931655	0.097772668	0.096172418	0.095432775	0.094165546	0.085063846	0.07704608	0.095523121
20210820	0.078361013	0.077335124	0.075614711	0.077160612	0.08128116	0.083791494	0.084578391	0.097729655	0.104584032	0.110506175	0.110293282	0.105838885	0.101818965	0.09865044	0.096863984	0.096127328	0.09428256	0.085557162	0.077181958	0.095858683
20210819	0.078174882	0.077328163	0.075614711	0.077705275	0.08128116	0.083760184	0.08460244	0.09837792	0.105270601	0.110873317	0.110825353	0.106332392	0.10183456	0.098337795	0.097085213	0.096212634	0.094489825	0.085509196	0.077552612	0.089422065
20210818	0.078174882	0.077616792	0.076508502	0.077160612	0.08128116	0.083727766	0.084933322	0.098792021	0.105843258	0.111527813	0.111137494	0.106742175	0.102666597	0.099546947	0.097903223	0.097058172	0.095106273	0.085267773	0.076942243	0.095886217
20210817	0.078174882	0.077505943	0.076508502	0.07752372	0.081462187	0.083869107	0.084754515	0.098850652	0.106116106	0.112205488	0.112247156	0.108173701	0.103973797	0.100403769	0.099153611	0.098586423	0.096157732	0.086271986	0.078024999	0.097493723
20210816	0.078174882	0.077144485	0.075078436	0.077705275	0.080919107	0.084390088	0.084218095	0.09876005	0.10625317	0.113009217	0.112405874	0.108485629	0.104387847	0.101236551	0.099989132	0.099234872	0.09622401	0.085904278	0.077339715	0.0992495
20210813	0.078174882	0.077144485	0.075078436	0.077705275	0.08128116	0.084719581	0.084218095	0.098288619	0.105630019	0.112812584	0.112487699	0.108530407	0.104609526	0.101244083	0.100156799	0.099501043	0.096169489	0.085871436	0.077306896	0.09922129
20210812	0.078174882	0.077144485	0.07472092	0.07788683	0.08128116	0.084298062	0.084251388	0.097036253	0.104922551	0.112378797	0.112203266	0.108620423	0.104731959	0.101798352	0.100480517	0.100085328	0.097410274	0.087371515	0.079252817	0.096828241
20210811	0.078174882	0.077144485	0.07472092	0.07752372	0.081462187	0.084274293	0.084780925	0.094887218	0.103053177	0.110044206	0.110051971	0.106445294	0.102814649	0.10013025	0.098776899	0.097845739	0.095358286	0.084877746	0.075396775	0.093959175
20210810	0.078361013	0.07720767	0.07472092	0.07752372	0.081462187	0.08424737	0.084600688	0.094180304	0.102174082	0.109238925	0.109080745	0.105705112	0.101684874	0.099184034	0.097693196	0.096859356	0.093480457	0.083608961	0.074833538	0.090685402
20210809	0.078361013	0.077829932	0.076508502	0.07752372	0.082186296	0.084332925	0.084245077	0.09375218	0.101120013	0.108689989	0.108026657	0.103955727	0.10087092	0.098574964	0.097085061	0.096212323	0.092852028	0.083403023	0.074268637	0.092021259
20210806	0.078361013	0.077332974	0.075972227	0.077342166	0.082186296	0.084215879	0.084298092	0.093350931	0.100250943	0.107673791	0.107172736	0.103614559	0.100152838	0.098312745	0.096788429	0.095790451	0.091831451	0.081890079	0.072727698	0.090038325
20210805	0.078174882	0.077328163	0.075972227	0.077342166	0.082186296	0.084196444	0.084244432	0.093423601	0.100733019	0.107395095	0.107352927	0.104001359	0.100279174	0.098054898	0.096870041	0.096314957	0.091980985	0.081087137	0.072701155	0.092321927
20210804	0.078174882	0.076816749	0.074005887	0.077342166	0.082367323	0.084224762	0.08424758	0.093227745	0.100497602	0.10684307	0.106967344	0.103710505	0.100623427	0.098825199	0.097414375	0.096791574	0.092807591	0.081924607	0.073555065	0.089048832
20210803	0.078174882	0.076885664	0.074005887	0.077342166	0.082367323	0.084045077	0.084062104	0.091492794	0.099159597	0.105661814	0.105481913	0.102457808	0.098963344	0.09716051	0.095963355	0.095340163	0.091637988	0.080986713	0.071788799	0.090884246
20210802	0.078174882	0.073739217	0.071159002	0.07752372	0.082005269	0.084143757	0.08405985	0.090991522	0.098501852	0.105570497	0.105101649	0.102092876	0.099035792	0.097004299	0.095829137	0.095040532	0.090922189	0.080622489	0.072194352	0.08907142
20210730	0.075907271	0.074282754	0.070430724	0.07752372	0.082005269	0.08413065	0.084276028	0.091389818	0.098826043	0.105964572	0.106150444	0.103009784	0.09973802	0.097920414	0.096551218	0.095895916	0.091830443	0.081838613	0.073462095	0.090809894
20210729	0.078174882	0.074389324	0.070430724	0.07788683	0.082005269	0.084425533	0.084416212	0.091478639	0.09909263	0.105763807	0.1062901	0.10318735	0.099880395	0.097641715	0.096293346	0.095796719	0.091989606	0.081288444	0.072922511	0.090203254
20210728	0.078174882	0.074628693	0.070430724	0.07752372	0.08254835	0.084747285	0.084777993	0.092796634	0.09998997	0.106257133	0.106551612	0.103686644	0.10012553	0.09771064	0.096685131	0.09622594	0.092656427	0.081787759	0.072676726	0.092200241
20210727	0.078174882	0.07425759	0.070430724	0.07752372	0.082729378	0.084855828	0.08495875	0.093815481	0.100276714	0.106330641	0.107750715	0.10400023	0.100445114	0.098192904	0.096867836	0.096391136	0.092386053	0.081890181	0.072409809	0.091881604
20210726	0.078174882	0.074374868	0.074184646	0.077342166	0.083272459	0.084825134	0.0849627	0.094467722	0.101787011	0.107027866	0.108219767	0.104440779	0.100892658	0.098193414	0.096918005	0.09645281	0.09127081	0.080383311	0.070612739	0.091823518
20210723	0.077164025	0.074772952	0.071503272	0.077705275	0.083453486	0.084876732	0.085205789	0.09525516	0.102552253	0.107606318	0.108772689	0.105553796	0.101757246	0.099053198	0.097769679	0.096804612	0.092190232	0.082065663	0.072303257	0.091961472
20210722	0.078174882	0.074940356	0.071503272	0.078976155	0.08381554	0.085268483	0.085680539	0.096258482	0.103726699	0.108127899	0.108794097	0.105867081	0.102288203	0.099803627	0.098004172	0.096717053	0.091992481	0.081958711	0.071464385	0.097687972
20210721	0.078174882	0.075139555	0.071503272	0.078976155	0.084177594	0.085519437	0.086036205	0.095681849	0.102680094	0.107169296	0.10743856	0.105198073	0.101398361	0.099172842	0.097324818	0.096288586	0.091682523	0.080835303	0.070690716	0.094167809
20210720	0.078174882	0.075073156	0.072218306	0.078976155	0.084358622	0.085490302	0.086215941	0.096221693	0.102969707	0.107614542	0.108643671	0.106133006	0.101877289	0.099857682	0.098388272	0.097351358	0.09377564	0.082133564	0.071664374	0.098108874
20210719	0.077474174	0.075863134	0.072397063	0.078976155	0.083453486	0.084998202	0.085783068	0.096115383	0.102342085	0.106295976	0.107209306	0.103901137	0.10039594	0.098392625	0.097099188	0.09628293	0.092525184	0.080855147	0.071876995	0.095807795
20210716	0.078174882	0.076042421	0.072397063	0.078976155	0.082910404	0.084890474	0.085146193	0.094983067	0.101023943	0.104794167	0.105012355	0.101821811	0.097718707	0.095338866	0.094724828	0.094199754	0.090575637	0.079954791	0.072739919	0.089624093
20210715	0.078174882	0.076199851	0.072218306	0.078976155	0.082729378	0.084949559	0.084609575	0.09452063	0.099860263	0.103202025	0.103267787	0.099591756	0.096597498	0.094235949	0.093583542	0.092752718	0.089717761	0.080542488	0.073634745	0.09250026
20210714	0.079291666	0.076228779	0.072218306	0.07752372	0.082367323	0.084181124	0.084251871	0.093811208	0.099055183	0.102063339	0.101916534	0.097709006	0.094972292	0.092818345	0.092528817	0.093348074	0.088253373	0.077986574	0.070971532	0.09582326
20210713	0.079291666	0.076303738	0.072397063	0.078068384	0.082367323	0.084157482	0.084075782	0.093796508	0.099127176	0.102309589	0.102099709	0.098036606	0.094920133	0.092532222	0.092444687	0.091637708	0.089170635	0.079469476	0.072536747	0.090879159
20210712	0.078824534	0.076971626	0.072397063	0.076797503	0.082367323	0.084086739	0.084144373	0.093319454	0.098875304	0.101577206	0.101132024	0.0976768	0.093699483	0.091354829	0.091443082	0.091983644	0.087963873	0.079192844	0.072224529	0.083993656
20210709	0.079291666	0.077144485	0.072397063	0.07788683	0.082186296	0.083924495	0.084079519	0.093383957	0.099149309	0.102169682	0.102136715	0.09820698	0.094633068	0.091842518	0.092063376	0.092494752	0.088912334	0.079779071	0.07171401	0.085604658
20210708	0.079291666	0.077301915	0.072397063	0.078068384	0.081824241	0.084065799	0.083861285	0.092923582	0.098964203	0.101753779	0.102165499	0.098659429	0.093777619	0.091029765	0.091079049	0.091168332	0.088443471	0.078677494	0.071289757	0.082859779
20210707	0.08040845	0.077330844	0.072397063	0.078068384	0.081824241	0.084042702	0.083682568	0.092462892	0.098285838	0.102453919	0.102433457	0.099321725	0.094176311	0.091150263	0.090754476	0.090722008	0.088050084	0.077864016	0.068625011	0.083781042
20210706	0.08040845	0.077520398	0.07472092	0.078613046	0.081100134	0.084081863	0.084040164	0.094072328	0.100101386	0.105169459	0.104426354	0.102300367	0.097719194	0.094621413	0.094071598	0.093854598	0.089789001	0.079233192	0.071691927	0.084057411
20210705	0.079941318	0.078073689	0.072933339	0.079702374	0.08128116	0.084156085	0.08404796	0.096261732	0.102354793	0.106885335	0.106168429	0.103377994	0.099220647	0.096328818	0.095440006	0.095152728	0.091035423	0.080554531	0.071597993	0.092786964
20210702	0.08040845	0.078246549	0.072933339	0.079883927	0.080557052	0.084130342	0.084040235	0.096632314	0.102135509	0.106639026	0.105971154	0.103167392	0.09836578	0.09597218	0.094735689	0.094306067	0.089791509	0.079656416	0.071418292	0.09238458
20210701	0.08040845	0.078403978	0.072933339	0.079883927	0.080919107	0.083918856	0.083861285	0.095321809	0.100243385	0.105389239	0.104854249	0.100891875	0.096582541	0.094000702	0.09275235	0.09226571	0.087781761	0.07773456	0.069367138	0.09139241
20210630	0.08059458	0.078540009	0.073827129	0.07915771	0.080919107	0.083886838	0.084397652	0.09487727	0.099511919	0.104807003	0.103886669	0.099774763	0.095932386	0.092848153	0.091645457	0.09119544	0.087123885	0.078079648	0.07076934	0.082459526
20210629	0.08059458	0.078618183	0.077044777	0.081699471	0.081824241	0.084353303	0.084397509	0.093975505	0.0990004	0.103262913	0.102777856	0.09845739	0.094240691	0.091421655	0.090890684	0.090671587	0.086065165	0.077323395	0.070367322	0.083711454
20210628	0.080361005	0.078894819	0.075078436	0.081154808	0.082367323	0.084678517	0.084580053	0.092952304	0.097892058	0.102204129	0.101656176	0.097352635	0.093168148	0.090362483	0.089811248	0.089667683	0.085668815	0.077260881	0.070627178	0.079841746
20210625	0.08059458	0.078981258	0.075078436	0.081336362	0.08254835	0.084847978	0.084782248	0.091617318	0.096824648	0.100901939	0.10054451	0.096114889	0.092808777	0.089578303	0.08883628	0.088657804	0.084810571	0.077120291	0.071188453	0.088309813
20210624	0.08059458	0.079002142	0.076866019	0.081517917	0.08254835	0.084836392	0.084933322	0.091077754	0.096110748	0.100959448	0.100809644	0.096367388	0.093039637	0.089363399	0.088923289	0.088836583	0.086072471	0.079078454	0.073641719	0.084781206
20210623	0.080780711	0.079142269	0.075078436	0.081517917	0.082729378	0.085013485	0.08511213	0.090241715	0.09506106	0.100838339	0.101287505	0.096610989	0.093256276	0.089529515	0.089437685	0.089514838	0.087070867	0.079326791	0.073145772	0.088661782
20210622	0.080780711	0.078192455	0.074363404	0.082062581	0.083272459	0.08498571	0.084754515	0.089495141	0.09427276	0.100528358	0.100524853	0.095827362	0.092760143	0.089043289	0.088963676	0.089140143	0.086336368	0.078287047	0.069797816	0.090951409
20210621	0.080780711	0.078653523	0.074363404	0.082062581	0.083091432	0.084990044	0.084754515	0.089540262	0.094391239	0.100402259	0.100755527	0.09538967	0.092320916	0.089299722	0.088718421	0.088628316	0.085176049	0.07616698	0.06802062	0.088540754
20210618	0.080780711	0.078797581	0.074363404	0.082425688	0.082910404	0.084945625	0.084777671	0.08987435	0.095325796	0.10152782	0.101605573	0.096676458	0.092922817	0.090141851	0.089077162	0.088695134	0.084879702	0.07589455	0.067771871	0.088286194
20210617	0.080780711	0.078928781	0.074363404	0.082244135	0.083091432	0.084946007	0.084780068	0.089664486	0.095946679	0.101890059	0.102831389	0.096381606	0.093269762	0.090053408	0.089134134	0.08876306	0.084116879	0.074668276	0.067254154	0.087655731
20210616	0.080966841	0.079052837	0.074363404	0.082425688	0.08381554	0.085139398	0.085131298	0.088483801	0.095612262	0.1007418	0.100217142	0.094983356	0.090828612	0.088086656	0.086460497	0.085691775	0.081604599	0.072508392	0.064595745	0.08758275
20210615	0.080966841	0.079711155	0.076329743	0.082970352	0.084720676	0.085504117	0.085308853	0.088119076	0.095509329	0.100526023	0.10020742	0.094926569	0.091652268	0.088900722	0.087423677	0.08652265	0.080702938	0.071809105	0.064296668	0.08320737
20210614	0.081122559	0.080326768	0.079547392	0.083151906	0.08508273	0.085840283	0.08552562	0.087955307	0.09566527	0.100226137	0.099828163	0.094552521	0.09104177	0.089226923	0.08739488	0.086369402	0.080324643	0.071588758	0.063048758	0.087383833
20210611	0.080966841	0.080266999	0.079547392	0.083151906	0.08508273	0.085771479	0.085490861	0.088664645	0.095976908	0.100142882	0.100154775	0.095111161	0.091581918	0.08977774	0.087923575	0.086991908	0.081116321	0.072329347	0.064489056	0.081624507
20210610	0.080966841	0.080214522	0.079547392	0.083151906	0.08508273	0.086052656	0.08529124	0.088250874	0.095297803	0.100391135	0.099922416	0.095555469	0.091795399	0.089762282	0.088198797	0.087563181	0.081232188	0.071953693	0.063459889	0.082304066
20210609	0.080966841	0.08014063	0.079547392	0.083151906	0.085263756	0.086468919	0.085470011	0.088599547	0.095685043	0.100589376	0.100714434	0.096342086	0.092511827	0.091072825	0.090027348	0.089495757	0.083334202	0.075412729	0.065512944	0.087158196
20210608	0.080966841	0.07701435	0.078296084	0.083151906	0.085263756	0.08666445	0.085827501	0.088619459	0.095776301	0.099768302	0.099938175	0.095135057	0.091829055	0.08995343	0.088613808	0.087820602	0.081596755	0.073566753	0.062348424	0.084392204
20210607	0.080966841	0.076290899	0.078296084	0.083151906	0.085263756	0.086600922	0.086721857	0.088474364	0.095704537	0.099902986	0.100343853	0.095530335	0.09196838	0.090109718	0.08860454	0.087731879	0.081522755	0.071751438	0.060357334	0.08351088
20210604	0.080966841	0.076226098	0.078296084	0.083151906	0.085263756	0.086578822	0.086721429	0.088866211	0.095673059	0.099880504	0.100272731	0.095537228	0.091957988	0.090118163	0.088597314	0.087814419	0.082005857	0.071541791	0.060184714	0.083307295
20210603	0.080966841	0.076365325	0.078296084	0.085330559	0.087074028	0.088641662	0.085186245	0.088819391	0.095695314	0.09970103	0.098658706	0.094194096	0.090845256	0.089497511	0.087972952	0.08708157	0.081304448	0.070069607	0.059402454	0.083943004
20210602	0.080966841	0.076954378	0.078296084	0.083696569	0.087074028	0.088624329	0.085178896	0.088858439	0.09574894	0.099322938	0.098895494	0.094215568	0.091254083	0.090109591	0.088462025	0.087406674	0.080995561	0.069687154	0.059999702	0.08117816
20210601	0.080966841	0.079899644	0.077759809	0.082607243	0.086711973	0.088261641	0.085486802	0.088193001	0.094773004	0.098612471	0.098417289	0.094097814	0.09120479	0.089609249	0.087961281	0.086993626	0.080479208	0.069052498	0.05879033	0.077646343
20210531	0.080036188	0.078981258	0.076866019	0.079883927	0.08508273	0.087630012	0.081957331	0.088741391	0.095359649	0.098517179	0.098045513	0.093661263	0.091652765	0.089429371	0.087590616	0.0865049	0.080589721	0.069450952	0.058508713	0.078856753
20210528	0.080036188	0.078981258	0.076866019	0.079883927	0.08508273	0.08749547	0.086342857	0.089991449	0.096238497	0.101007181	0.10061144	0.097303737	0.093453363	0.092482885	0.090972628	0.090023515	0.084052554	0.072756969	0.063112497	0.08799935
20210527	0.080036188	0.07850895	0.07472092	0.080247036	0.08508273	0.086968869	0.086500244	0.09114526	0.098450755	0.104837127	0.103773011	0.100136165	0.096138988	0.096105155	0.094448931	0.093479702	0.0867931	0.0769272	0.066973326	0.08799855
20210526	0.080036188	0.078619799	0.07472092	0.080065482	0.084177594	0.0864181	0.086581797	0.09066804	0.097202449	0.102023568	0.101505935	0.096980378	0.093927347	0.092749931	0.091262222	0.090238561	0.083266921	0.073821641	0.065510797	0.089421393
20210525	0.080036188	0.077796723	0.07472092	0.079339264	0.083996567	0.085950458	0.08490255	0.089486563	0.096391015	0.099818384	0.099652761	0.094496406	0.091563437	0.089489359	0.088624463	0.08796314	0.082028868	0.073289275	0.065601498	0.084962866
20210524	0.079724773	0.078135589	0.07472092	0.07915771	0.083996567	0.085448259	0.083010164	0.090271112	0.09690787	0.100676531	0.100188359	0.096084532	0.091441923	0.089508467	0.088359221	0.087608615	0.082710148	0.074042513	0.066008285	0.089638979
20210521	0.080036188	0.078246549	0.074184646	0.082062581	0.083996567	0.085410223	0.084653579	0.089653269	0.096167258	0.100158242	0.099640943	0.095357056	0.090717363	0.089038639	0.087735156	0.087028259	0.081613461	0.073226503	0.064460185	0.095896491
20210520	0.079850058	0.078338112	0.074363404	0.082244135	0.084177594	0.085410477	0.084501736	0.090188758	0.09611283	0.099973186	0.100367105	0.095565159	0.090638372	0.089413786	0.087969991	0.087114996	0.082248551	0.073963534	0.065540684	0.090964492
20210519	0.080036188	0.07840756	0.074363404	0.082244135	0.083453486	0.084799535	0.083799293	0.088167991	0.09407823	0.09739951	0.097941272	0.092841347	0.088998167	0.088025706	0.086768314	0.085822958	0.080791102	0.072155404	0.065762146	0.086753495
20210518	0.080036188	0.077977718	0.075257195	0.082244135	0.083272459	0.08422973	0.083271473	0.087113345	0.092128794	0.095001986	0.094547635	0.090862638	0.087009124	0.085642663	0.083808053	0.082536032	0.077129164	0.069353395	0.063128545	0.07876665
20210517	0.080702852	0.079503472	0.076866019	0.081881026	0.083272459	0.08430408	0.083206243	0.087852017	0.092942341	0.095468132	0.095421345	0.092462195	0.088590865	0.087417785	0.085427657	0.084091643	0.078102359	0.071496107	0.063979899	0.080077068
20210514	0.080780711	0.07953229	0.076866019	0.081881026	0.083453486	0.08430408	0.083474419	0.088712373	0.093648714	0.096105557	0.097019294	0.094367232	0.089386954	0.088572942	0.086599782	0.085314449	0.079711941	0.072514266	0.06367884	0.089811305
20210513	0.080036188	0.078666381	0.075078436	0.081881026	0.083453486	0.084034543	0.083296989	0.088921675	0.093522986	0.095528151	0.095713338	0.092444639	0.088749527	0.08740934	0.085378586	0.084042648	0.077346779	0.072190901	0.064651894	0.080815765
20210512	0.080780711	0.079715967	0.077044777	0.082062581	0.083634513	0.084018171	0.083299259	0.087656489	0.091074293	0.094640429	0.094541068	0.090241472	0.087541054	0.086476836	0.084498917	0.08306229	0.076488408	0.071663637	0.064039982	0.091887239
20210511	0.080036188	0.079689187	0.0786536	0.081517917	0.082367323	0.0831223	0.082415685	0.08858422	0.092119371	0.095768845	0.096043836	0.092703202	0.088296782	0.08835843	0.086639711	0.085419647	0.078894855	0.073977125	0.066934425	0.083872868
20210510	0.080183399	0.079426051	0.0786536	0.081517917	0.082367323	0.083103337	0.082128468	0.087008224	0.089793075	0.094175732	0.094975423	0.091333748	0.086902881	0.087580234	0.086067902	0.0849572	0.078006754	0.072310702	0.065555759	0.080089632
20210507	0.080036188	0.079164935	0.077759809	0.080247036	0.081462187	0.082188085	0.081340929	0.085640737	0.088352813	0.092227385	0.09221973	0.088029789	0.085175651	0.084102786	0.082710178	0.081769221	0.075796519	0.069017412	0.060361859	0.076566027
20210506	0.080036188	0.078653523	0.075972227	0.080247036	0.081462187	0.082179364	0.080985693	0.085148867	0.088293636	0.092059472	0.091590806	0.087099528	0.084654839	0.083448147	0.081887471	0.080885706	0.075701698	0.067915292	0.058936572	0.074656246
20210505	0.080036188	0.077682659	0.074542162	0.080065482	0.08128116	0.082174052	0.081521309	0.084226316	0.087403884	0.090772714	0.090187519	0.085704257	0.083264235	0.082453702	0.080978951	0.079992513	0.074625395	0.066973082	0.058285103	0.071975549
20210504	0.080036188	0.075677215	0.073290855	0.077705275	0.078384727	0.081302529	0.081165805	0.084061425	0.08697059	0.090257876	0.090005298	0.085888873	0.083503435	0.082481137	0.08099928	0.08000091	0.074936639	0.06724176	0.058585671	0.072350873
20210503	0.080036188	0.076824262	0.073290855	0.07752372	0.078384727	0.081237152	0.080684778	0.083931161	0.086009336	0.08960077	0.08979769	0.086121918	0.083745174	0.082715079	0.081219528	0.080298	0.075563448	0.067899762	0.058907622	0.079664637
20210430	0.080036188	0.077144485	0.073290855	0.07752372	0.078384727	0.080496799	0.080043953	0.083418471	0.086062082	0.089351459	0.088824142	0.085757886	0.083243969	0.082402414	0.081187294	0.080472213	0.076332749	0.06957576	0.061880358	0.076414121
20210429	0.080036188	0.076555431	0.07078824	0.076434394	0.0782037	0.079023852	0.080105534	0.08207847	0.084386545	0.088097669	0.088010292	0.084421095	0.082231284	0.081891362	0.080426689	0.07951929	0.075001407	0.068722659	0.061643935	0.074171149
20210428	0.080036188	0.076661634	0.070430724	0.076434394	0.0782037	0.079023092	0.07974792	0.081343544	0.083958156	0.087527064	0.087457172	0.084480547	0.082337777	0.081756691	0.080172532	0.079138335	0.074647265	0.068587433	0.062877748	0.072097516
20210427	0.078868348	0.076856387	0.071503272	0.076252839	0.0782037	0.078838403	0.077602236	0.079336008	0.083088407	0.085462308	0.084356203	0.081775611	0.079823638	0.078684786	0.077088356	0.07615528	0.071495116	0.063748488	0.058475205	0.0667544
20210426	0.080036188	0.077144485	0.070430724	0.075708177	0.077479591	0.07850251	0.077598033	0.078882494	0.082377561	0.084902581	0.083592876	0.080191581	0.07854023	0.077717972	0.07576613	0.07461389	0.07022331	0.061760045	0.056394316	0.065743148
20210423	0.080036188	0.077406886	0.070251966	0.075708177	0.077117539	0.078506352	0.077598231	0.078797665	0.082493079	0.08517005	0.083627655	0.08091656	0.079160905	0.077336803	0.075381355	0.074371408	0.069891285	0.061830624	0.056453857	0.067291701
20210422	0.080036188	0.075428736	0.070073207	0.074981959	0.076574457	0.078139911	0.076884576	0.078210703	0.082392429	0.084027376	0.082662382	0.080067872	0.077761013	0.076426368	0.074734685	0.073819149	0.069358755	0.062205622	0.055849635	0.06636239
20210421	0.080036188	0.073629452	0.070251966	0.075345068	0.076936511	0.07832121	0.077063223	0.077521178	0.08084925	0.083417001	0.081853892	0.078849735	0.0765759	0.075070707	0.073518834	0.072669807	0.068580874	0.061308451	0.054925992	0.066512195
20210420	0.078361013	0.074414488	0.070251966	0.075345068	0.076936511	0.079516623	0.077399325	0.078182773	0.080759967	0.08315642	0.082038699	0.079185511	0.076756796	0.074845493	0.073240237	0.072440407	0.067900914	0.06048442	0.054103873	0.0655284
20210419	0.080036188	0.074756679	0.069715691	0.075345068	0.078746782	0.081297126	0.079742359	0.07780815	0.080757422	0.082656508	0.0821861	0.07940913	0.076784179	0.074879411	0.072893743	0.071825928	0.067537487	0.05986786	0.052897576	0.065450952
20210416	0.080036188	0.075154561	0.069715691	0.075345068	0.079651917	0.081590866	0.081171564	0.079219058	0.08220672	0.084429298	0.083601086	0.080380892	0.077669802	0.075569312	0.073667146	0.072671474	0.067569126	0.059344225	0.051301646	0.066434736
20210415	0.078329984	0.074992833	0.069715691	0.077342166	0.080557052	0.082048285	0.081708717	0.08071613	0.083820737	0.085100097	0.083640667	0.079906395	0.077327984	0.075241492	0.073538434	0.072577044	0.066693017	0.057696076	0.050600874	0.062790877
20210414	0.078713916	0.075759777	0.068643142	0.077705275	0.080919107	0.082003087	0.081844396	0.08025432	0.083991408	0.084841519	0.083516555	0.079903681	0.077008496	0.074520655	0.072513648	0.071370151	0.066297774	0.057344666	0.049939884	0.06181312
20210413	0.080036188	0.076042421	0.068643142	0.077705275	0.08073808	0.082859417	0.08224546	0.080221192	0.083798327	0.084833686	0.083632522	0.079770809	0.076639436	0.0741378	0.072252823	0.071250105	0.065732374	0.056853108	0.049195095	0.059571432
20210412	0.080036188	0.07634659	0.069000658	0.07915771	0.08073808	0.082830808	0.08260295	0.081525592	0.085015618	0.08655883	0.085043424	0.081627177	0.078139028	0.075737096	0.073612171	0.07235801	0.066803485	0.057276413	0.049142595	0.063648224
20210409	0.080036188	0.076275893	0.068643142	0.078794601	0.08073808	0.082816812	0.082782972	0.082406982	0.085245127	0.087335958	0.085451754	0.082132764	0.078438529	0.075959601	0.073986732	0.072808406	0.066783424	0.057464379	0.048802191	0.060605899
20210408	0.080036188	0.076665748	0.074005887	0.079520819	0.082367323	0.083245403	0.082961779	0.082319992	0.085450284	0.087034941	0.08504731	0.08171886	0.078254442	0.075650154	0.073423122	0.07204927	0.065887266	0.057242921	0.048323953	0.059890601
20210407	0.079792841	0.077934242	0.074005887	0.078976155	0.082373786	0.083226584	0.082929254	0.082674406	0.085561052	0.087052186	0.085545703	0.082594748	0.079002135	0.075981278	0.073665813	0.072287562	0.066154223	0.057323593	0.048412352	0.060044726
20210406	0.080036188	0.078246549	0.074005887	0.079883927	0.082378113	0.083220202	0.08296235	0.082347592	0.085294204	0.086551925	0.08544991	0.082105613	0.078453887	0.075640394	0.073361857	0.072027098	0.065761821	0.056723955	0.048117964	0.060918782
20210405	0.080036188	0.077130561	0.072039547	0.077160612	0.082186296	0.083404565	0.08331984	0.081923543	0.085525486	0.08677571	0.085207564	0.082070897	0.078636697	0.075515463	0.073149483	0.071817523	0.065164512	0.055988945	0.048211132	0.059816302
20210331	0.080036188	0.077588946	0.072039547	0.076252839	0.081824241	0.083519636	0.083319983	0.081925787	0.085299139	0.086730123	0.085104212	0.081712532	0.078579856	0.075700461	0.073273416	0.071838757	0.065738597	0.056423573	0.047841866	0.060569513
